param settings:OneClassSVM(cache_size=200, coef0=0.0, degree=3, gamma=0.2, kernel='rbf',
      max_iter=-1, nu=0.2, random_state=None, shrinking=True, tol=0.001,
      verbose=False)
cluster_thresh:
feature select:['lbp', 'gab', 'glcm', 'hog']
precision: {'precision_b1': 0.2415, 'precision': 0.8126, 'acc': 0.5128, 'recall_b1': 0.5876, 'recall': 0.4922, 'false_alert_b1': 0.7585, 'miss_alert_b1': 0.4124, 'false_alert': 0.1874, 'miss_alert': 0.5078, 'intersect_1': 347, 'intersect_b1': 114}
all_predict:
sum:899
1 class :427
[3, 5, 6, 8, 9, 12, 19, 21, 22, 29, 30, 31, 32, 36, 38, 39, 40, 46, 47, 48, 49, 50, 51, 52, 53, 54, 55, 58, 60, 63, 64, 65, 67, 70, 73, 74, 79, 80, 81, 83, 85, 86, 87, 91, 94, 96, 97, 101, 105, 108, 109, 111, 113, 114, 118, 119, 123, 125, 127, 128, 130, 131, 133, 134, 137, 138, 139, 142, 143, 145, 146, 148, 149, 151, 152, 154, 155, 156, 157, 158, 159, 160, 162, 163, 164, 166, 171, 175, 176, 179, 181, 184, 187, 191, 193, 195, 199, 200, 201, 205, 206, 207, 208, 210, 213, 216, 217, 218, 222, 223, 226, 228, 230, 231, 233, 238, 240, 241, 244, 245, 248, 251, 253, 254, 255, 256, 257, 259, 261, 262, 263, 264, 267, 269, 270, 271, 272, 277, 281, 282, 283, 285, 286, 287, 292, 295, 296, 297, 300, 303, 305, 308, 310, 311, 312, 313, 319, 321, 323, 325, 326, 328, 329, 330, 332, 335, 336, 339, 340, 341, 342, 344, 345, 349, 350, 351, 352, 353, 354, 355, 362, 364, 367, 370, 371, 374, 381, 382, 384, 385, 387, 388, 389, 393, 394, 396, 397, 404, 405, 407, 408, 409, 410, 412, 413, 414, 415, 416, 418, 419, 420, 421, 423, 425, 426, 427, 428, 429, 431, 433, 434, 435, 436, 437, 440, 443, 444, 448, 449, 450, 454, 457, 458, 459, 462, 463, 464, 465, 468, 469, 471, 481, 482, 484, 485, 486, 487, 488, 490, 493, 500, 505, 506, 507, 510, 511, 513, 514, 516, 520, 524, 525, 528, 531, 532, 535, 540, 544, 545, 549, 554, 557, 558, 559, 560, 561, 565, 567, 569, 572, 574, 575, 583, 584, 588, 589, 590, 593, 595, 598, 599, 600, 601, 602, 603, 604, 606, 608, 610, 617, 619, 622, 624, 625, 626, 627, 628, 629, 630, 631, 632, 634, 635, 636, 637, 638, 639, 640, 641, 642, 643, 645, 646, 649, 651, 652, 654, 655, 656, 657, 659, 660, 661, 668, 669, 672, 673, 675, 676, 677, 679, 682, 683, 686, 687, 688, 689, 690, 691, 693, 698, 699, 701, 702, 704, 708, 709, 713, 714, 724, 725, 727, 728, 735, 737, 742, 745, 747, 751, 752, 754, 755, 756, 759, 761, 765, 767, 769, 778, 779, 782, 786, 787, 789, 795, 796, 800, 806, 809, 812, 815, 821, 823, 827, 828, 829, 830, 832, 835, 836, 837, 838, 839, 840, 841, 842, 843, 844, 847, 848, 850, 851, 853, 856, 861, 862, 864, 865, 868, 873, 880, 882, 883, 890, 891, 892, 896]
-1 class :472
[1, 2, 4, 7, 10, 11, 13, 14, 15, 16, 17, 18, 20, 23, 24, 25, 26, 27, 28, 33, 34, 35, 37, 41, 42, 43, 44, 45, 56, 57, 59, 61, 62, 66, 68, 69, 71, 72, 75, 76, 77, 78, 82, 84, 88, 89, 90, 92, 93, 95, 98, 99, 100, 102, 103, 104, 106, 107, 110, 112, 115, 116, 117, 120, 121, 122, 124, 126, 129, 132, 135, 136, 140, 141, 144, 147, 150, 153, 161, 165, 167, 168, 169, 170, 172, 173, 174, 177, 178, 180, 182, 183, 185, 186, 188, 189, 190, 192, 194, 196, 197, 198, 202, 203, 204, 209, 211, 212, 214, 215, 219, 220, 221, 224, 225, 227, 229, 232, 234, 235, 236, 237, 239, 242, 243, 246, 247, 249, 250, 252, 258, 260, 265, 266, 268, 273, 274, 275, 276, 278, 279, 280, 284, 288, 289, 290, 291, 293, 294, 298, 299, 301, 302, 304, 306, 307, 309, 314, 315, 316, 317, 318, 320, 322, 324, 327, 331, 333, 334, 337, 338, 343, 346, 347, 348, 356, 357, 358, 359, 360, 361, 363, 365, 366, 368, 369, 372, 373, 375, 376, 377, 378, 379, 380, 383, 386, 390, 391, 392, 395, 398, 399, 400, 401, 402, 403, 406, 411, 417, 422, 424, 430, 432, 438, 439, 441, 442, 445, 446, 447, 451, 452, 453, 455, 456, 460, 461, 466, 467, 470, 472, 473, 474, 475, 476, 477, 478, 479, 480, 483, 489, 491, 492, 494, 495, 496, 497, 498, 499, 501, 502, 503, 504, 508, 509, 512, 515, 517, 518, 519, 521, 522, 523, 526, 527, 529, 530, 533, 534, 536, 537, 538, 539, 541, 542, 543, 546, 547, 548, 550, 551, 552, 553, 555, 556, 562, 563, 564, 566, 568, 570, 571, 573, 576, 577, 578, 579, 580, 581, 582, 585, 586, 587, 591, 592, 594, 596, 597, 605, 607, 609, 611, 612, 613, 614, 615, 616, 618, 620, 621, 623, 633, 644, 647, 648, 650, 653, 658, 662, 663, 664, 665, 666, 667, 670, 671, 674, 678, 680, 681, 684, 685, 692, 694, 695, 696, 697, 700, 703, 705, 706, 707, 710, 711, 712, 715, 716, 717, 718, 719, 720, 721, 722, 723, 726, 729, 730, 731, 732, 733, 734, 736, 738, 739, 740, 741, 743, 744, 746, 748, 749, 750, 753, 757, 758, 760, 762, 763, 764, 766, 768, 770, 771, 772, 773, 774, 775, 776, 777, 780, 781, 783, 784, 785, 788, 790, 791, 792, 793, 794, 797, 798, 799, 801, 802, 803, 804, 805, 807, 808, 810, 811, 813, 814, 816, 817, 818, 819, 820, 822, 824, 825, 826, 831, 833, 834, 845, 846, 849, 852, 854, 855, 857, 858, 859, 860, 863, 866, 867, 869, 870, 871, 872, 874, 875, 876, 877, 878, 879, 881, 884, 885, 886, 887, 888, 889, 893, 894, 895, 897, 898, 899]

score : [-1.67134848e-04 -7.85789155e-05 -4.44349803e-04  1.00166900e-04
 -1.01366996e-05 -4.36571156e-04 -3.02169180e-04  2.01630480e-04
 -1.96422776e-04 -1.06647371e-04  1.43485275e-05  1.23593077e-04
 -2.68497235e-04 -2.15713814e-04  2.17421921e-05 -2.46037389e-04
  4.59227734e-04  2.78270480e-04 -2.05412037e-04 -2.98682869e-04
 -3.71400085e-04  1.57702225e-04  4.13415774e-04  1.75082391e-04
 -1.19717092e-04 -9.71943351e-06 -3.69081848e-04  1.35099839e-04
 -3.51488760e-04  4.22868595e-04 -4.28096504e-05  4.44425018e-04
  1.30520824e-04 -6.46123674e-05 -1.00602207e-05  3.01181675e-03
  1.16540799e-04 -8.58843166e-05  4.89438840e-04  3.71652954e-04
 -1.38893116e-04 -2.30094236e-04  4.35269054e-04  2.77331464e-04
  3.09099953e-05 -2.65752335e-05 -1.45345106e-04 -2.34604790e-04
  1.02590556e-04  5.29160927e-04 -3.08879529e-04  4.19546628e-05
  2.13076625e-04 -1.11420047e-05  2.07307755e-04  4.58833319e-04
 -2.92644483e-04 -2.98984365e-04  4.28258716e-04  1.25975913e-04
 -2.99493193e-04  2.00341271e-06  4.02713959e-03  2.38127393e-04
  2.32531601e-04  3.85164993e-02  9.12359004e-05 -4.05466079e-06
  3.74190911e-04 -2.55345847e-04  4.08239134e-02  2.04858370e-02
  2.63566772e-04 -1.07354768e-04  1.47485896e-02 -3.77792833e-04
 -1.71903112e-04 -1.69674910e-04 -1.63484547e-04 -7.00175127e-05
  2.42450103e-04 -1.40489504e-04 -3.22515110e-04 -1.03235234e-04
  2.56247863e-04  1.48640511e-04 -2.85981063e-05 -1.86034444e-04
  1.91651356e-04 -6.04493777e-05 -4.66985305e-05  5.30843948e-04
 -1.80714204e-04 -9.22463907e-07  1.82529243e-02 -2.05418817e-05
 -2.02436294e-04  4.50881410e-04 -2.49120607e-04 -5.87500092e-05
  8.78236089e-05 -1.36270115e-04  1.36804550e-04 -1.81357468e-05
  3.42304947e-04 -1.78233037e-04  4.25115682e-04 -3.20526821e-04
 -2.51564982e-04 -1.33154102e-04  3.46189857e-04 -5.30951390e-05
 -1.20854005e-04  3.84621423e-04  4.07134392e-05 -9.04587779e-05
 -1.19650399e-05 -1.26506118e-04  4.08938051e-05  3.46949405e-05
  2.65049475e-04  2.85662808e-06 -8.33193277e-05  5.22118840e-04
  4.29217672e-05 -1.08857823e-04 -4.22023877e-04  2.20336521e-04
 -3.68324518e-04 -3.68324518e-04  4.61205600e-04  4.10357717e-04
  8.73220326e-03 -3.50807796e-04  6.48229475e-06 -1.27301668e-04
 -7.32686669e-05  4.32267769e-05  4.37012802e-04 -1.65456264e-04
 -1.65456287e-04  4.38876525e-04 -9.21933982e-05  4.06896392e-05
 -8.35974455e-05 -6.82522341e-05  2.16398608e-04  2.56565925e-05
 -8.61408490e-05  3.86877639e-05 -2.46254452e-04 -8.68430841e-06
 -4.39171655e-04 -1.36238891e-04  4.21450026e-04 -1.80369583e-05
 -3.11003751e-05  1.65460179e-04  3.73578501e-05 -1.17646090e-04
 -1.51741038e-04  4.08904834e-05  6.41399664e-06 -1.37258201e-04
 -1.19989830e-04  2.29362650e-05 -1.11426352e-04 -4.62272259e-05
 -2.32328025e-04  4.72082336e-05 -2.36489611e-06  4.34237935e-04
  4.43361358e-04  3.89036602e-05  3.35199816e-05  2.41999174e-04
 -5.74908370e-05  3.54967881e-04 -4.47537046e-05 -6.80590173e-05
  2.37215474e-04  2.44696404e-04  4.56463000e-05  5.58343767e-05
 -1.60731566e-05 -8.01253556e-06  1.73537636e-04 -2.16451544e-05
  1.61505939e-05 -2.78961877e-05  1.27164945e-05  4.87922650e-05
  3.94175117e-05 -3.03148899e-04 -4.39860717e-05 -2.89310467e-04
 -3.27165389e-05  9.95267077e-05 -4.96317854e-06 -2.55191514e-04
 -2.39793415e-04 -2.58421711e-04  1.12080511e-05  2.16121873e-04
  1.86104823e-04 -5.63636133e-05  2.38410689e-04  3.19236807e-04
  2.02459646e-04 -1.35444259e-04 -8.90679841e-05  3.44413424e-04
 -1.21986378e-04 -6.88410907e-05  1.15751526e-04 -1.14055488e-04
 -3.95460706e-04  6.69898831e-05  4.24380342e-05  3.04107559e-04
 -2.23972065e-04 -2.49893587e-04  2.08387980e-04  7.88998852e-05
  5.08301756e-04 -4.15972185e-04 -3.09573020e-04  2.82674271e-06
 -6.84565645e-05  2.21465361e-04 -2.92861636e-04 -4.98582824e-06
  3.77326917e-05 -7.53239930e-05  4.56566928e-05  7.39317057e-06
  1.82480283e-04  9.02069589e-06  2.23589428e-04 -3.85548656e-06
 -1.77840560e-04 -1.19023934e-04 -1.68828944e-05 -3.24723456e-04
  4.26113476e-04  2.32935445e-04 -2.72468128e-05  1.70507724e-04
 -9.47106610e-05  3.65863524e-05 -2.08923734e-04  3.38947973e-02
  4.44240407e-05 -2.52284338e-04  1.71992813e-04  4.24887128e-04
 -1.49981747e-04  5.37253728e-04 -1.61670462e-04  2.54306328e-05
 -8.99966677e-05 -4.21285816e-05  2.47184669e-04  2.10902100e-05
 -2.77111678e-04 -3.30326635e-04  2.02562018e-04 -1.78031551e-04
  8.45852226e-05  5.35056653e-04  1.33180780e-02 -2.44528186e-04
  4.24646309e-04  2.74715080e-04 -3.66242174e-04 -8.96487787e-05
 -3.17130054e-05  3.18340379e-04 -2.82539318e-04  1.93680639e-04
  3.03117352e-04  3.65889684e-05  1.27564086e-04  2.56697752e-05
  3.30028771e-04 -1.14889605e-04 -1.19014798e-04 -5.07532699e-05
 -3.24832497e-04  1.83678899e-04 -5.83735707e-05 -2.30325960e-04
  4.71527414e-05 -4.70021615e-05  1.31132317e-04 -1.50098224e-04
 -1.96269257e-04  2.44349684e-04 -1.67607293e-04 -1.44000874e-04
 -1.13272240e-05  6.41411427e-06  2.05378586e-04 -1.09953222e-04
 -3.19676548e-04  2.28083882e-04 -6.39922464e-05 -1.30223092e-04
 -2.58247580e-04 -2.76922900e-04 -1.04739631e-04  4.87763046e-04
 -1.71880276e-04  3.10984310e-05  4.32274609e-05 -5.62545283e-05
  3.53582038e-04  6.31400509e-02 -7.37912983e-05  6.66186525e-05
  9.70007399e-02  5.37194246e-04  1.51325999e-04 -1.52531554e-04
 -8.33311384e-05 -1.78961050e-05  7.16278690e-02  4.84905487e-02
 -3.05961782e-04  1.22678633e-05  3.41901728e-05 -1.78686575e-05
 -6.15237393e-05 -1.54521510e-04  1.11546108e-05 -6.83396649e-05
 -1.23690562e-04 -1.92229588e-04 -1.92374812e-04  4.05182606e-02
  3.93004837e-02 -1.75317485e-04  3.09310786e-04  5.82817248e-02
  6.85031970e-02 -1.20896934e-04  4.66236947e-02 -8.95017835e-05
  1.21282760e-02  1.05904599e-04  6.29029121e-02  4.52015114e-02
  3.20499333e-02 -2.69100325e-04  1.96751979e-05  3.55084139e-03
 -3.63824752e-04  3.18825691e-04  2.31069841e-04 -7.02292996e-05
  3.87482279e-05 -1.28376965e-04  1.17088261e-02  1.77098076e-02
  7.25366881e-03  5.85137278e-03  3.56365083e-02 -3.06029133e-04
 -1.76899254e-04  5.14376694e-02 -1.19492353e-04  1.36355010e-02
  3.97429939e-04  1.94778428e-04  7.04608141e-06  2.60216640e-04
 -1.19931078e-04 -1.19928074e-04 -1.90096901e-04  2.26226657e-04
 -1.16764217e-04 -1.44471988e-05  4.55646271e-04  4.13579689e-04
 -3.67915896e-04 -2.43456993e-04 -1.33182011e-04  1.53171260e-04
  2.02761035e-04 -2.24529496e-04  1.58154029e-04 -2.46214053e-04
 -2.65250771e-04 -1.01637575e-04  1.43911923e-04 -2.03480234e-05
 -9.11657035e-05  6.28129889e-05  5.62597464e-05  1.15025612e-04
  2.71196046e-04 -1.92975475e-04 -1.08849508e-04  2.18582565e-04
  1.83083750e-04  2.09457017e-05  6.11250191e-05 -1.29511261e-04
 -1.29750526e-04  1.70326591e-05  5.33562473e-04  3.27523657e-04
 -1.66516802e-04  1.34227086e-04 -3.91280980e-04 -4.27213587e-04
 -4.27213586e-04 -7.90338955e-06 -4.10720401e-05 -4.01033987e-05
 -1.36267826e-04 -2.70510332e-04  7.73773515e-05 -2.37556107e-04
  3.87398858e-05  2.82753156e-05 -1.38299425e-04  6.11318935e-05
  2.65255263e-04  2.88200987e-04  3.87519030e-05  3.31348541e-05
 -1.05967678e-04  7.13455357e-05  3.30888939e-05 -1.80439242e-05
 -1.65276873e-04  2.14736664e-04 -2.40395252e-05 -5.74182793e-05
 -3.46669698e-04 -9.66739442e-05 -7.04592177e-05 -6.47593102e-05
  4.57735590e-04  3.85078551e-05  8.55586909e-06 -3.22310758e-04
 -1.22697154e-04 -3.85008183e-05 -5.27821168e-05  4.88978639e-05
  1.08736281e-05  5.87117941e-05 -5.77412486e-05 -4.69637070e-05
  4.02920946e-05  1.46128244e-04  2.73162269e-04 -1.45038081e-04
  1.61855959e-05  2.21819173e-04 -1.14512637e-04  4.80360125e-05
 -1.83691733e-04 -8.65904419e-05 -1.70828659e-05  1.62786983e-04
  2.69622005e-04 -1.20756664e-04 -6.51007303e-05 -1.57869775e-05
  1.97165291e-04  5.61677620e-06 -1.85577247e-04 -4.50816368e-05
  2.85430888e-05 -1.92644333e-04  1.31722894e-05 -4.51222202e-04
  6.39438323e-05  3.00597492e-05 -7.10541322e-05 -1.76879784e-04
  1.33195305e-04 -3.36644232e-04 -1.51940881e-04 -4.03875639e-05
 -1.72195122e-04  3.38761916e-04  2.21953662e-04 -1.10246050e-04
 -5.63256024e-05 -8.06632147e-05  4.96530636e-04  2.48324643e-04
 -1.34903298e-04 -7.24047032e-05 -9.66680649e-05  2.73957872e-04
  4.75251293e-05 -6.20668740e-05 -3.84914986e-04 -9.23331029e-05
 -2.31925917e-04  3.55051584e-05 -3.07746755e-04 -1.93083162e-04
  3.24784910e-04  2.96844102e-04  2.97821096e-04 -2.97166471e-04
  7.24729874e-05  2.72137902e-05 -7.18953656e-05 -9.86855493e-05
 -1.15194125e-04  9.60783022e-05 -1.19274566e-04  2.04866761e-04
 -1.38776997e-04  3.02207893e-04 -3.65531460e-04 -1.21053709e-04
 -1.17437593e-04  1.80163700e-04 -7.76612506e-05  6.16002226e-05
  3.05556555e-04 -5.06026571e-05 -1.13493816e-04 -1.13796266e-04
 -1.74959417e-04  1.90565409e-04 -1.43872538e-04 -2.14938797e-04
 -1.94272088e-04  1.31947056e-04  3.06217047e-04 -1.15666949e-04
 -1.15297361e-04 -3.49155068e-04  4.15451762e-04  3.97957088e-04
 -4.20960929e-04  4.35601005e-05 -4.45465464e-05 -1.97058515e-04
  3.20487469e-04 -7.56520783e-06  4.41862139e-04 -1.64387906e-04
 -1.12231706e-04  2.78865422e-05  2.80867482e-04  2.16409392e-04
  8.48304149e-05  2.48246229e-04  8.61083305e-05  1.24543851e-04
  2.92403296e-04  2.56523383e-04 -3.98455914e-04  4.63055820e-04
 -7.31055293e-06  1.25329505e-04 -2.35692244e-04 -1.77079508e-04
  1.88769689e-02 -3.31180498e-04 -1.33642424e-04 -3.55142480e-04
 -4.70882880e-05 -4.14020835e-06 -2.46576474e-04  4.18650147e-05
 -2.44220876e-04  5.36578994e-04 -5.63964444e-05 -1.91568448e-04
 -1.23395830e-04  1.05230434e-04 -1.40968307e-04  2.04646327e-04
  2.30662542e-04  3.47565075e-02  8.74700803e-05  4.81192464e-04
  1.72920150e-04  3.46522281e-05  6.70191417e-03  1.78027120e-04
  1.09548169e-02 -1.04617563e-04  5.37231492e-02  1.78236449e-04
  3.47438634e-04  2.38829487e-04  2.49579484e-02  2.50978730e-02
  1.16778404e-04  4.20074364e-02  3.84772080e-02  1.53127746e-02
  4.84275260e-02 -3.73657190e-05  4.78956385e-03  2.94247677e-02
 -2.08613285e-04 -1.04497734e-04  2.41659798e-02  5.06313582e-05
 -1.46707952e-04  2.23888306e-02  1.78351301e-02 -3.56144672e-04
  1.28734941e-02  4.11158753e-05  8.91515777e-05  1.06746454e-02
 -1.54823899e-04  1.57621731e-02 -3.97731123e-04  1.93330247e-02
  1.28446257e-06 -1.02750882e-04 -7.62592329e-05 -1.27759713e-04
 -1.68863512e-05 -6.18006056e-05 -3.34749511e-04  3.52354470e-04
  1.37166844e-02  1.72412309e-04 -7.92580544e-06 -1.14224667e-04
  1.22180972e-02  9.36200833e-04 -1.78027671e-05  5.59174997e-02
  2.75703224e-04  1.62611509e-02 -4.13441264e-04  9.69060351e-03
 -1.53269491e-04 -2.05030651e-04 -1.09359160e-04  8.64937469e-04
  1.33414201e-02 -6.17355003e-05 -7.92707098e-06  5.55701023e-03
  1.81391410e-04  2.54165082e-02  3.37388967e-04 -1.42897597e-04
  3.21179571e-04  1.52503393e-02 -1.56377351e-04  3.26884947e-04
 -2.91600144e-04 -1.52974454e-04 -5.81371121e-05 -9.72668859e-05
  3.61560145e-04  1.19142504e-05 -6.06105391e-05  1.58652795e-04
 -3.45953875e-04  2.02651044e-04  4.17088132e-04 -2.60214446e-06
  4.84565201e-04 -1.20032775e-04 -4.04703041e-04 -2.02287433e-04
  3.06218231e-05  1.01677938e-05 -1.00986150e-04 -6.51457901e-05
 -9.73251890e-05 -4.12266307e-04  2.25046351e-04  1.19145586e-05
 -2.29293453e-04 -1.26556390e-04 -1.75794341e-04 -6.73227246e-05
 -1.13065118e-04 -1.03375363e-04 -9.31165135e-05 -1.85543120e-04
 -4.59763263e-05 -1.91799918e-04  2.25483309e-04  4.11328074e-07
 -6.36901547e-05  1.67448114e-05  4.49168261e-05 -1.39825112e-04
  3.11857715e-05 -1.25417915e-04 -1.48996378e-05 -9.83213024e-05
 -1.20698588e-04 -4.91886673e-05  3.35183241e-05 -6.65074970e-05
  2.39771944e-04 -1.08415828e-04 -2.54955058e-04  2.10113792e-04
 -8.72194972e-05 -2.27888558e-04  2.96136026e-04 -9.89371308e-05
 -5.93053687e-05  1.95239606e-05 -4.27219802e-05  2.85432327e-05
 -1.45181801e-04 -1.15301462e-04 -7.70929578e-05 -1.31400314e-04
  3.01339410e-04  4.06896390e-05 -1.37600257e-04  9.68783900e-05
  4.97769627e-04  2.57003723e-04 -8.31676325e-05 -3.18444822e-04
  1.68262112e-05 -2.01549299e-04 -1.27509911e-04  4.64631765e-04
 -3.84350970e-04 -1.31400314e-04 -1.78002089e-05  2.62901616e-05
 -8.45946648e-05  4.07126112e-05 -1.18742880e-04  4.41264425e-04
 -1.28280145e-04 -1.15087862e-04 -7.72298612e-06 -6.71860037e-05
 -4.94918651e-05 -6.95917991e-05 -6.47593099e-05 -1.20745542e-04
 -1.30805456e-04  2.41603510e-04  5.88272104e-06 -6.74437412e-05
 -1.96279992e-04 -8.20720945e-05  3.94182550e-05 -8.35814350e-05
 -8.07976683e-05 -6.31978940e-05  4.70729648e-05  4.55175722e-04
 -3.10270264e-05  7.71806363e-05  2.52207447e-04 -1.91311471e-04
 -6.89597606e-05 -7.67469063e-05 -1.88568405e-04 -1.02712005e-04
  2.59049960e-04  2.54001742e-04 -1.07999894e-04 -2.86585932e-05
 -1.51175401e-04  2.14976727e-04  9.47682248e-06  8.31622993e-05
 -7.28981776e-06 -1.14410818e-04 -1.81058984e-05 -1.56024942e-04
 -2.10948470e-04  3.87482167e-05 -7.51167323e-05 -1.08663425e-05
  3.36175570e-04  3.55062149e-05 -1.41090028e-04 -1.50889669e-04
  1.37892056e-04 -7.51167713e-05 -1.75463456e-04  3.52777058e-04
 -2.00761730e-04 -1.62564034e-04 -8.57221425e-05 -2.15931988e-05
 -2.30129611e-04 -2.97541242e-05  1.08808779e-05 -1.90976932e-04
  5.28174991e-06 -2.67788084e-04 -6.21420836e-05 -1.24907089e-05
  4.58389944e-04  1.36524964e-04  7.03815781e-06  1.68111636e-05
  2.81671361e-04 -1.19894675e-04  2.79709917e-04 -1.37344379e-04
 -9.30897075e-05  4.04112663e-04  2.32205627e-04  2.84679418e-04
  2.13548153e-04  7.59980569e-05 -1.91303762e-04  2.65546361e-04
  4.27627520e-04  1.79892314e-04  6.05946577e-05  4.28011426e-04
 -1.42581638e-04 -1.29745442e-04  6.29041581e-05  4.18219614e-05
 -2.95194681e-04  4.49497225e-04  3.83773443e-06  4.56453448e-04
 -1.12442637e-04  3.84621340e-04 -2.05457977e-04 -1.78028428e-05
  4.49169329e-05 -5.08285727e-05 -1.09297352e-04 -4.48037608e-04
  4.71628405e-06 -9.44548110e-05  4.33910376e-05  3.91323056e-04
 -1.45063304e-04  4.71494366e-05  1.46373865e-04 -1.74110243e-04
 -2.39459839e-05  4.70718446e-05 -1.41525884e-04  5.41508285e-04
 -1.15127904e-04 -2.31493185e-04 -2.86575964e-05  2.36818398e-04
 -6.78250569e-05 -2.39862040e-05 -6.51415561e-05 -4.63891804e-05
 -7.60945378e-05 -8.71472894e-05 -1.19903994e-04  2.10413368e-04
 -1.05970850e-04  4.20450405e-04  4.86426786e-04 -1.06076731e-04
 -1.52504192e-04 -1.41560651e-04 -1.67313237e-04 -1.92454761e-04
 -1.20545591e-04 -4.02384581e-04  8.77523996e-06  2.87693793e-05
  1.44840256e-06 -1.37600252e-04 -1.15139203e-04 -1.86082261e-04
  4.42347752e-06 -7.63079434e-05 -1.67683509e-04 -1.92833099e-04
  2.97434580e-04 -1.52268643e-04  1.03403340e-05 -1.87239012e-05
 -2.75383845e-04  1.28790094e-04 -8.56550113e-05  4.64247821e-04
  1.78496724e-04 -2.30500154e-04 -3.68207260e-05]
