param settings:IsolationForest(behaviour='new', bootstrap=False, contamination=0.2,
        max_features=1.0, max_samples=100, n_estimators=100, n_jobs=None,
        random_state=None, verbose=0)
cluster_thresh:
feature select:['gab']
precision: {'precision_b1': 0.6333, 'precision': 0.8887, 'acc': 0.8376, 'recall_b1': 0.5876, 'recall': 0.9064, 'false_alert_b1': 0.3667, 'miss_alert_b1': 0.4124, 'false_alert': 0.11129999999999995, 'miss_alert': 0.09360000000000002, 'intersect_1': 639, 'intersect_b1': 114}
all_predict:
sum:899
1 class :719
[13, 14, 15, 16, 17, 18, 19, 20, 21, 22, 23, 24, 25, 26, 27, 28, 29, 30, 31, 32, 33, 34, 35, 36, 37, 38, 39, 40, 41, 42, 43, 44, 45, 46, 47, 48, 49, 50, 51, 52, 53, 54, 55, 56, 57, 58, 59, 60, 61, 62, 63, 64, 65, 66, 67, 68, 69, 70, 71, 72, 73, 74, 75, 76, 77, 78, 79, 80, 81, 82, 83, 84, 85, 86, 87, 88, 89, 90, 91, 92, 93, 94, 95, 96, 97, 98, 99, 100, 101, 102, 103, 104, 105, 106, 107, 108, 109, 110, 111, 112, 113, 114, 115, 116, 117, 118, 119, 120, 121, 122, 123, 124, 125, 126, 127, 128, 129, 130, 131, 132, 133, 134, 135, 136, 137, 138, 139, 140, 141, 142, 143, 144, 145, 146, 147, 148, 149, 150, 151, 152, 153, 154, 155, 156, 157, 158, 159, 160, 161, 162, 163, 164, 165, 166, 167, 168, 169, 170, 171, 172, 173, 174, 175, 176, 177, 178, 179, 180, 181, 182, 183, 184, 185, 186, 187, 188, 189, 190, 191, 192, 193, 194, 195, 196, 197, 198, 199, 200, 201, 202, 203, 204, 205, 206, 207, 208, 209, 210, 211, 212, 213, 238, 239, 240, 241, 242, 243, 262, 263, 264, 265, 266, 267, 268, 269, 270, 271, 272, 273, 274, 275, 276, 277, 278, 279, 280, 281, 282, 283, 284, 285, 286, 287, 288, 289, 290, 291, 292, 293, 294, 295, 296, 297, 298, 299, 300, 301, 302, 303, 304, 305, 306, 307, 308, 309, 310, 311, 312, 313, 314, 315, 316, 317, 318, 319, 320, 321, 322, 323, 324, 325, 326, 327, 328, 329, 330, 331, 332, 333, 334, 335, 336, 337, 338, 339, 340, 341, 342, 343, 344, 345, 346, 347, 348, 349, 350, 351, 352, 353, 354, 355, 356, 357, 358, 359, 360, 361, 362, 363, 364, 365, 366, 367, 368, 369, 370, 371, 372, 373, 374, 375, 376, 377, 378, 379, 380, 381, 382, 383, 384, 385, 386, 387, 388, 389, 390, 391, 392, 393, 394, 395, 396, 397, 398, 399, 400, 401, 402, 403, 404, 405, 406, 407, 408, 409, 410, 411, 412, 413, 414, 415, 416, 417, 418, 419, 420, 421, 422, 423, 424, 425, 426, 427, 428, 429, 430, 431, 432, 433, 434, 435, 436, 437, 438, 439, 440, 441, 442, 443, 444, 445, 446, 447, 448, 449, 450, 451, 452, 453, 454, 455, 456, 457, 458, 459, 460, 461, 462, 463, 464, 465, 466, 467, 468, 469, 470, 471, 472, 473, 474, 475, 476, 477, 478, 479, 480, 481, 482, 483, 484, 485, 486, 487, 488, 489, 490, 492, 493, 494, 495, 496, 497, 498, 499, 500, 501, 502, 503, 504, 505, 506, 507, 508, 509, 510, 511, 512, 513, 514, 515, 516, 517, 518, 519, 520, 521, 522, 523, 524, 525, 526, 527, 528, 529, 530, 531, 532, 533, 534, 535, 536, 537, 538, 539, 540, 541, 542, 543, 544, 545, 546, 547, 548, 549, 550, 551, 552, 553, 554, 555, 556, 557, 558, 559, 560, 561, 562, 563, 564, 565, 566, 567, 568, 569, 570, 571, 572, 573, 574, 575, 576, 578, 579, 580, 581, 582, 583, 584, 585, 586, 587, 588, 589, 590, 591, 592, 593, 594, 595, 596, 597, 598, 599, 600, 601, 602, 603, 604, 605, 606, 607, 608, 609, 610, 611, 612, 613, 614, 615, 616, 617, 618, 619, 620, 621, 622, 623, 624, 625, 626, 627, 628, 629, 630, 631, 632, 633, 634, 635, 636, 637, 638, 639, 640, 641, 642, 643, 644, 645, 646, 647, 648, 649, 650, 651, 652, 653, 654, 655, 656, 657, 658, 659, 660, 661, 662, 663, 664, 665, 666, 667, 668, 669, 670, 671, 672, 673, 674, 675, 676, 677, 678, 679, 680, 681, 682, 683, 684, 685, 686, 687, 688, 689, 690, 691, 692, 693, 694, 695, 696, 697, 698, 699, 700, 701, 702, 703, 704, 705, 706, 707, 708, 709, 710, 711, 712, 713, 714, 715, 716, 717, 718, 719, 720, 721, 722, 723, 724, 725, 727, 728, 729, 730, 731, 733, 734, 735, 736, 737, 738, 739, 740, 741, 742, 743, 744, 745, 746, 747, 748, 749, 793, 794, 795, 796, 797, 798, 831, 832, 837, 839, 840, 841, 842, 843, 844, 845, 846, 847, 848, 849, 850, 851, 852, 855, 856, 859, 860, 861]
-1 class :180
[1, 2, 3, 4, 5, 6, 7, 8, 9, 10, 11, 12, 214, 215, 216, 217, 218, 219, 220, 221, 222, 223, 224, 225, 226, 227, 228, 229, 230, 231, 232, 233, 234, 235, 236, 237, 244, 245, 246, 247, 248, 249, 250, 251, 252, 253, 254, 255, 256, 257, 258, 259, 260, 261, 491, 577, 726, 732, 750, 751, 752, 753, 754, 755, 756, 757, 758, 759, 760, 761, 762, 763, 764, 765, 766, 767, 768, 769, 770, 771, 772, 773, 774, 775, 776, 777, 778, 779, 780, 781, 782, 783, 784, 785, 786, 787, 788, 789, 790, 791, 792, 799, 800, 801, 802, 803, 804, 805, 806, 807, 808, 809, 810, 811, 812, 813, 814, 815, 816, 817, 818, 819, 820, 821, 822, 823, 824, 825, 826, 827, 828, 829, 830, 833, 834, 835, 836, 838, 853, 854, 857, 858, 862, 863, 864, 865, 866, 867, 868, 869, 870, 871, 872, 873, 874, 875, 876, 877, 878, 879, 880, 881, 882, 883, 884, 885, 886, 887, 888, 889, 890, 891, 892, 893, 894, 895, 896, 897, 898, 899]

score : [-1.41343367e-01 -5.33297971e-02  8.83291588e-02  1.00723194e-01
  1.10396293e-01  1.15465759e-01  1.18439512e-01  1.27734813e-01
  1.21659392e-01  1.20442589e-01  1.13162950e-01  1.10790747e-01
 -4.37569566e-02  9.28913133e-02  8.60656724e-02  1.02744907e-01
  8.98040883e-02  8.17583357e-02  6.84785412e-02  7.12653539e-02
  6.30817235e-02  9.86218717e-02  1.04439573e-01 -3.95680119e-03
  1.08005490e-01  7.27151245e-02  1.00000113e-01  1.07491932e-01
  1.05922583e-01  1.14160767e-01  1.22548029e-01  1.18180033e-01
  1.29674130e-01  1.29632971e-01  6.21029099e-03  1.36970172e-01
  1.33598920e-01  1.27490729e-01  1.23493505e-01  1.22257189e-01
  1.32677202e-01  1.31254235e-01  1.30703918e-01  1.36623108e-01
  1.28878074e-01  2.72426065e-02  1.29648982e-01  1.29369407e-01
  1.29274070e-01  1.24552343e-01  1.34201608e-01  1.35520124e-01
  1.41079307e-01  1.32653334e-01  1.25216876e-01  1.34443877e-01
  5.30092668e-02  1.35599084e-01  1.35633643e-01  1.28909711e-01
  1.32489136e-01  1.33462160e-01  1.44276939e-01  1.44378058e-01
  1.45882360e-01  1.44091671e-01  1.41992926e-01  5.32325835e-02
  1.45012280e-01  1.35166219e-01  1.44985895e-01  1.42321748e-01
  1.42696540e-01  1.43613326e-01  1.43750444e-01  1.44002680e-01
  1.44318480e-01  1.43431228e-01  5.46319350e-02  1.42758877e-01
  1.42945295e-01  1.40012977e-01  1.45276990e-01  1.45838924e-01
  1.44963197e-01  1.44720233e-01  1.43835457e-01  1.41789208e-01
  1.44295618e-01  5.62931386e-02  1.45801306e-01  1.44030109e-01
  1.42516043e-01  1.42090146e-01  1.36357293e-01  1.41390216e-01
  1.42009770e-01  1.34685196e-01  1.37480117e-01  1.41362948e-01
  7.95650592e-02  1.43091812e-01  1.10130832e-01  1.41994645e-01
  1.41516201e-01  1.03888776e-01  9.52212781e-02  1.15421762e-01
  1.32637542e-01  8.61006154e-02  1.09517716e-01 -1.41867125e-01
  8.02811646e-02  8.42426983e-02  8.56964536e-02  9.71691835e-02
  8.62554984e-02  7.06127775e-02  7.59143807e-02  6.34802185e-02
  5.83778900e-02  8.84789512e-02  1.21881997e-01  9.25295201e-02
  1.14534276e-01  8.08417960e-02  7.14638469e-02  4.77634579e-02
 -4.07998711e-03 -8.28790108e-03 -2.85242641e-02 -3.89307963e-02
 -5.19941952e-02 -5.12449788e-02  9.49089384e-02 -5.72258757e-02
 -5.58704617e-02 -5.25414807e-02 -1.91854098e-02 -9.19701036e-03
 -9.43594359e-03 -5.01027020e-02 -7.61600604e-02 -7.84954565e-02
 -9.55030116e-02  1.01804714e-01 -1.07443647e-01 -8.90043735e-02
 -1.27867285e-01 -1.28426282e-01 -1.13465703e-01 -1.00339061e-01
 -1.04114620e-01 -2.69140985e-02  3.82453725e-02  5.83802418e-02
  1.06220291e-01  3.02562027e-02  1.34212351e-02  1.55882300e-02
  8.35317928e-03 -3.22054939e-03 -6.65142370e-02 -9.58293138e-02
 -9.78978848e-02 -8.84149083e-02 -9.18973766e-02  1.06058873e-01
 -8.79145989e-02 -7.88504252e-02 -7.31777615e-02 -6.91603158e-02
 -7.24878601e-02 -7.15556675e-02 -7.94864306e-02 -7.89414741e-02
 -7.98859174e-02 -7.86359603e-02  1.05930203e-01 -7.94864306e-02
 -1.83217125e-02  2.33515108e-02  4.49448021e-02  3.07182916e-02
  5.35966343e-02  7.40314760e-02  7.41026340e-02  6.87744212e-02
  6.96985817e-02  1.17338776e-01  8.41915342e-02  8.35959604e-02
  8.58361147e-02  8.51957919e-02  8.93100846e-02  8.99375341e-02
  8.98103158e-02  8.52637845e-02  8.84398458e-02  9.21953402e-02
  1.14902976e-01  8.69492165e-02  9.42623339e-02  8.86862939e-02
  9.59016722e-02  9.49581210e-02  1.05109786e-01  1.14526676e-01
  1.19945492e-01  1.11642876e-01  1.16175312e-01  1.23063009e-01
  1.22337672e-01  1.19422771e-01  1.26731538e-01  1.28903961e-01
  1.16896377e-01  1.13721172e-01  1.18439856e-01  1.13644644e-01
  1.24764209e-01  1.25361400e-01 -1.04900211e-01  1.22179679e-01
  1.33536005e-01  1.36305760e-01  1.33367550e-01  1.26581778e-01
  1.30786113e-01  1.34448932e-01  1.36650573e-01  1.32333082e-01
  9.74693131e-02  1.09377660e-01  1.01133340e-01  1.09439501e-01
  1.06660680e-01  1.36563415e-01  1.38568410e-01  1.36010367e-01
  1.35662504e-01  1.36348471e-01  1.30520158e-01  1.34041061e-01
  1.32143013e-01  9.98137321e-02  1.37877048e-01  1.13298558e-01
  1.40388587e-01  1.42617366e-01  1.41928422e-01  1.40738871e-01
  1.41778957e-01  1.26394070e-01  1.22345642e-01  1.19308073e-01
  1.06048678e-01  1.27501808e-01  1.39796867e-01  1.36475100e-01
  1.38793382e-01  1.42994987e-01  1.45164219e-01  1.46250126e-01
  1.42603667e-01  1.29150493e-01  1.43330581e-01  1.03500354e-01
  1.44100113e-01  1.40471517e-01  1.22717745e-01  9.28754400e-02
  9.38000369e-02  1.20210513e-01  1.30266017e-01  1.31721340e-01
  1.33399461e-01  1.33599614e-01  1.21554721e-01  1.30461325e-01
  1.29128779e-01  1.27609549e-01  1.19662676e-01  1.14214679e-01
  1.15995406e-01  1.28052806e-01  1.27396764e-01  1.25538707e-01
  1.20876524e-01  1.17606882e-01  1.25955968e-01  1.24681921e-01
  1.25166816e-01  1.23462564e-01  1.33569253e-01  1.29462090e-01
  1.23624965e-01  1.33267293e-01  1.36464276e-01  1.30454329e-01
  1.21089580e-01  1.31441201e-01  1.28553532e-01  1.25330330e-01
  1.18730881e-01  1.28824671e-01  1.28974240e-01  1.32463474e-01
  1.34624028e-01  1.32844870e-01  1.37272690e-01  1.17983139e-01
  1.36794730e-01  1.39325944e-01  1.40816300e-01  1.38348590e-01
  1.39160125e-01  1.36607050e-01  1.31618712e-01  1.23471923e-01
  1.28023466e-01  1.27513689e-01  1.15848793e-01  1.36037025e-01
  1.27989894e-01  1.33256730e-01  1.34719540e-01  1.38134542e-01
  1.42248963e-01  1.43205815e-01  1.38002835e-01  1.39104261e-01
  1.37330526e-01 -1.18537478e-01  1.06228268e-01  1.36783000e-01
  1.08625258e-01  1.19259297e-01  1.45633596e-01  1.40141194e-01
  1.43597630e-01  1.45723126e-01  1.48494670e-01  1.48225662e-01
  1.47859422e-01  1.08103955e-01  1.47439241e-01  1.47678907e-01
  1.42155411e-01  1.46794972e-01  1.43908420e-01  1.41752113e-01
  1.40821948e-01  1.40075595e-01  1.41344980e-01  1.34913333e-01
  9.26526415e-02  1.38863329e-01  1.37692824e-01  1.39288175e-01
  1.42016179e-01  1.40613135e-01  1.42369901e-01  1.45113454e-01
  1.42344409e-01  1.43383470e-01  1.37500018e-01  1.00943527e-01
  1.41100598e-01  1.40927478e-01  1.41313466e-01  1.41495314e-01
  1.38583989e-01  1.38014342e-01  1.39149666e-01  1.27500072e-01
  1.30316290e-01  1.29935466e-01  9.99253635e-02  1.34456589e-01
  1.39131841e-01  1.28168379e-01  1.16730731e-01  1.26735278e-01
  1.22794734e-01  1.19528680e-01  1.17283671e-01  1.12125707e-01
  1.15923870e-01  9.85327887e-02  1.12489989e-01  1.23459115e-01
  1.21464622e-01  1.27426994e-01  1.16076680e-01  1.20364952e-01
  1.30968399e-01  1.29181167e-01  1.29360767e-01  1.31941003e-01
  1.03647126e-01  1.35742586e-01  1.36036069e-01  1.37879741e-01
  1.39018755e-01  1.39155913e-01  1.39595779e-01  9.78128768e-02
  3.53357935e-02  1.20270859e-01  1.08515222e-01  1.04443341e-01
  1.07794334e-01  1.02790591e-01  1.00966959e-01  9.42122206e-02
  9.92571969e-02  9.98546527e-02  1.21940477e-01  1.17906713e-01
  1.24143114e-01  1.23447169e-01  1.04580858e-01  1.37881237e-01
  1.38311924e-01  1.24017410e-01  1.06051284e-01  1.15117635e-01
  1.15050037e-01  1.01311400e-01  9.82757875e-02  7.60361338e-02
  2.13887551e-02  1.01922177e-01  1.90360243e-02 -2.12848457e-02
  6.16641811e-03  2.82378673e-02  9.36199004e-02  9.93457212e-02
  6.02747087e-02  2.59084970e-02  2.55782878e-02  3.46293381e-02
 -1.39605364e-01  1.09390524e-01  3.80566756e-02  3.67404263e-02
  7.34063583e-02  8.73773969e-02  8.02885685e-02  4.24843067e-02
  2.01267768e-03  1.62927730e-02  9.06199903e-02  9.52264804e-02
  1.13417634e-01  7.63515946e-02  7.05185807e-02  7.66848479e-02
  5.86345240e-02  9.62399461e-02  1.09687032e-01  1.26130797e-01
  1.18393216e-01  1.24155390e-01  1.13669925e-01  1.19177377e-01
  1.24325787e-01  1.33026736e-01  1.36863737e-01  1.36612360e-01
  1.25687322e-01  1.39019419e-01  1.41627469e-01  1.38973259e-01
  1.26933741e-01  1.38940422e-01  1.17835336e-01  1.42222442e-01
  1.40122816e-01  1.32405056e-01  1.31553447e-01  1.32309468e-01
  1.32152684e-01  1.39556303e-01  1.34729681e-01  1.31523825e-01
  1.16831498e-01  1.30703015e-01  9.45108439e-02  1.17897830e-01
  1.21313492e-01  1.31499727e-01  1.35083789e-01  1.39073958e-01
  1.38428975e-01  1.33926005e-01  1.30188298e-01  1.36289608e-01
  1.32119084e-01  1.41660632e-01  1.36982533e-01  1.39547037e-01
  1.38645240e-01  1.37893163e-01  1.38873855e-01  1.34637719e-01
  1.21579753e-01  1.19528306e-01  9.07220210e-02  1.31068984e-01
  1.07499858e-01  8.70627185e-02  1.18530958e-01  1.04962107e-01
  1.02820863e-01  9.21428451e-02  6.06159992e-02  1.08803970e-01
  9.56669167e-02  8.10329522e-02  1.24824103e-01  6.83674037e-02
  6.38387450e-02  8.77849373e-02  1.42111130e-02  6.06380549e-02
  1.07268973e-01  3.47684111e-02 -1.44411144e-02  2.52261417e-02
  1.31930872e-02  1.25194393e-01  9.35783794e-02  1.11606993e-02
  1.08054845e-02  8.51233404e-02  1.10193905e-01  4.65294204e-03
  7.34868925e-02  9.22130923e-02  9.05503974e-02  8.13879677e-02
  1.23301006e-01  8.63398142e-02  8.69761300e-02  7.90609291e-02
  7.87843876e-02  7.35491496e-02  7.47115472e-02  7.50427721e-02
  6.65617158e-02  6.34301013e-02  6.61188620e-02 -9.13054891e-02
  1.26285821e-01  6.74223014e-02  7.66219277e-02  8.17717191e-02
  7.96796519e-02  7.51272941e-02  7.54198593e-02  7.23121812e-02
  6.75167261e-02  8.25220113e-02  7.98181277e-02  1.28714514e-01
  8.20468613e-02  8.20053327e-02  7.72443973e-02  1.01699843e-01
  9.66546623e-02  9.62729852e-02  9.98876855e-02  9.89410092e-02
  1.03114166e-01  1.01915349e-01  1.23043075e-01  1.10725748e-01
  1.22152805e-01  1.17576000e-01  1.05242211e-01  1.09441892e-01
  9.47230896e-02  1.06324350e-01  9.18114398e-02  1.06115460e-01
  1.09072287e-01  1.24277411e-01  1.05137171e-01  1.04579090e-01
  1.05873566e-01  1.01900791e-01  9.95844018e-02  1.00449301e-01
  1.00990207e-01  1.07001262e-01  1.03311002e-01  9.90362389e-02
  1.33451489e-01  1.03952122e-01  1.01575220e-01  1.00598265e-01
  1.00149313e-01  1.00388020e-01  1.04129657e-01  1.04748894e-01
  1.03298992e-01  1.06833898e-01  1.05232367e-01  1.40828219e-01
  1.07992741e-01  1.04024697e-01  1.07067003e-01  1.04870673e-01
  1.03790768e-01  1.04225176e-01  1.06673664e-01  1.02890337e-01
  9.37070413e-02  9.87551670e-02  1.42253111e-01  1.00123431e-01
  9.60438711e-02  1.02455657e-01  9.97014301e-02  1.00666432e-01
  9.52781529e-02  9.59088411e-02  9.86737341e-02  9.76699846e-02
  1.01873908e-01  1.45768435e-01  9.92726597e-02  1.02571962e-01
  1.02081381e-01  9.95236781e-02  9.86687844e-02  1.03022200e-01
  1.03606118e-01  1.01323148e-01  1.01888390e-01  1.00454695e-01
  1.43406867e-01  9.07349741e-02  9.58736649e-02  9.45135653e-02
  9.43933612e-02  9.45547609e-02  9.27516109e-02  9.70551454e-02
  1.00876715e-01  1.00006506e-01  9.94768116e-02  1.40291797e-01
  1.00256046e-01  1.00709661e-01  9.97531796e-02  9.90979934e-02
  1.00034311e-01  9.53924294e-02  9.08376543e-02  1.00401731e-01
  8.14188380e-02  8.06028401e-02 -7.23756319e-02  1.40280175e-01
  8.69040919e-02  8.61831873e-02  8.74269079e-02  8.25920110e-02
  8.72769565e-02  8.31346584e-02  7.12169635e-02  8.49746926e-02
  7.90515941e-02  4.63266483e-02  1.39849363e-01  4.66631320e-02
  5.23882986e-02  7.25814666e-02  8.60306840e-02  8.77857571e-02
  8.42361157e-02  9.84039533e-02  9.77389242e-02  9.73306048e-02
  8.56733936e-02  1.41730843e-01  6.82191094e-02  9.66481292e-02
  6.06468125e-02  4.13829491e-02  5.63217317e-02  6.68210488e-03
 -8.02880916e-03  2.04421667e-02  4.20535311e-02  9.63480219e-02
  1.34422375e-01  6.37429982e-02  2.34853771e-02 -4.70865380e-03
  6.02034908e-02  1.76506000e-03  3.60510902e-02  3.76520205e-02
  2.68017662e-02  3.21393406e-02  1.98742661e-02  1.22727913e-01
  2.01131649e-02  6.75012310e-03  2.48866214e-02  1.90178766e-02
  1.59459113e-02  2.77404086e-02  3.26058992e-02  3.61849505e-02
  2.23221840e-02  1.01085130e-02  1.11284923e-01 -9.61577357e-04
 -4.29782597e-02 -7.94464309e-02 -3.83683427e-02 -1.41696783e-02
 -3.71641957e-02 -5.59492898e-02 -6.91368610e-02 -6.92185539e-02
 -5.63743383e-02  8.81418547e-02 -4.70227296e-02 -5.11614721e-02
 -3.21076668e-02 -2.30562353e-02 -2.98420650e-02 -3.17797683e-02
 -2.79071527e-02 -2.96405487e-02 -2.59510941e-02 -2.28648663e-02
  9.56090813e-02 -2.62715327e-02 -4.06099748e-02 -6.10059020e-02
 -6.43950578e-02 -7.05220534e-02 -6.97736323e-02 -8.99919756e-02
 -1.04639977e-01 -1.25340041e-01 -8.01674851e-02  1.12871323e-01
 -5.91584313e-02 -1.27519711e-01 -1.40835071e-01 -1.09450771e-01
 -7.43249084e-02 -5.14627589e-02 -4.60565728e-02 -3.11036496e-03
 -5.16413483e-03 -4.30500613e-03  1.28955761e-01 -8.47638299e-03
 -1.37785273e-02 -4.42465716e-03  1.41017726e-02  2.24563174e-03
  1.80140055e-02  4.70950610e-03  2.13498050e-02  4.36211512e-03
 -3.84060136e-02 -3.22052711e-02  1.24059277e-01 -3.05159513e-02
 -3.16756768e-02 -3.54797198e-02 -2.98439412e-02 -2.95239988e-02
 -3.95981310e-02 -3.93527012e-02 -4.29933507e-02 -3.99439112e-02
 -4.46841954e-02  1.28199373e-01 -4.50697895e-02 -4.60714472e-02
 -4.81611502e-02 -5.89066879e-02 -5.81105387e-02 -5.42702160e-02
 -6.30956753e-02 -5.76790301e-02 -5.99069537e-02 -6.47444696e-02
  1.23500972e-01 -6.10425481e-02 -6.40132481e-02 -5.90102145e-02
 -4.78999789e-02 -4.22073936e-02 -2.92020313e-02 -1.58618089e-02
 -1.30450624e-02 -1.17175032e-02 -1.60010584e-02  1.25068353e-01
 -1.11444444e-02  1.29453247e-02  9.30844074e-03 -4.95818836e-03
 -2.80469538e-03 -7.32271394e-05 -4.91789392e-04  4.26396412e-03
 -7.72702434e-03  7.12614106e-03  1.28968143e-01  6.24125006e-03
  9.71576685e-03  2.74019477e-02  2.41646601e-02  1.47151869e-02
  2.64030525e-02  3.42378580e-02  3.42224308e-02  2.10047789e-02
  1.58985630e-02  1.21899986e-01  5.77746207e-03  4.88180929e-05
  2.55338705e-03 -1.17084452e-02 -1.44420112e-02  5.67491123e-03
  2.70492090e-03 -6.94378954e-03 -5.16291697e-03  2.96133922e-03
  1.31585114e-01  7.62041904e-04  2.13374291e-03 -8.47608919e-03
 -9.72263740e-03 -3.59545247e-02 -3.25394370e-02 -3.57478198e-02
 -4.69530637e-02 -4.20597575e-02 -6.08815050e-02  1.32942947e-01
 -6.44179975e-02 -6.04919184e-02 -6.41960284e-02 -8.06840830e-02
 -8.52667546e-02 -8.72521329e-02 -8.49243174e-02 -8.77019651e-02
 -8.80535555e-02 -6.36008503e-02  1.26745661e-01 -6.72776033e-02
 -4.68012905e-02 -7.68801977e-02 -6.17732572e-02 -7.53298223e-02
 -7.05996134e-02 -9.20433334e-02 -8.77059346e-02 -1.26153285e-01
 -1.57702737e-01  1.32145067e-01 -1.65349796e-01 -1.57674292e-01
 -1.62638249e-01 -1.46894293e-01 -1.51178894e-01 -1.33933908e-01
 -1.28378055e-01 -1.16943967e-01 -1.32376453e-01 -1.47257357e-01
 -4.16778164e-02  1.28221514e-01  1.16069036e-01  1.06294343e-01
  1.14526152e-01  1.26093886e-01  1.23424341e-01  1.29067916e-01
  1.26628614e-01  6.04507629e-02  9.52648635e-02]
