param settings:OneClassSVM(cache_size=200, coef0=0.0, degree=3, gamma=0.2, kernel='rbf',
      max_iter=-1, nu=0.1, random_state=None, shrinking=True, tol=0.001,
      verbose=False)
cluster_thresh:
feature select:['hog']
precision: {'precision_b1': 0.1642, 'precision': 0.9103, 'acc': 0.7913, 'recall_b1': 0.2578, 'recall': 0.8516, 'false_alert_b1': 0.8358, 'miss_alert_b1': 0.7422, 'false_alert': 0.0897, 'miss_alert': 0.14839999999999998, 'intersect_1': 964, 'intersect_b1': 33}
all_predict:
sum:1260
1 class :1059
[3, 4, 5, 6, 7, 8, 9, 10, 11, 12, 13, 15, 16, 17, 18, 19, 22, 23, 24, 25, 26, 27, 31, 32, 34, 35, 36, 37, 39, 41, 42, 44, 46, 47, 49, 50, 55, 56, 57, 58, 60, 61, 64, 66, 67, 68, 72, 75, 76, 81, 82, 83, 84, 87, 88, 92, 93, 94, 96, 97, 98, 100, 101, 102, 103, 104, 105, 106, 107, 108, 109, 110, 112, 114, 115, 116, 117, 118, 119, 120, 121, 122, 123, 124, 125, 126, 127, 128, 129, 130, 131, 132, 133, 134, 135, 136, 137, 138, 139, 140, 141, 142, 143, 144, 145, 146, 147, 149, 151, 152, 153, 155, 156, 157, 158, 159, 160, 161, 164, 166, 168, 169, 170, 171, 173, 174, 175, 176, 177, 178, 180, 181, 183, 185, 187, 188, 191, 192, 194, 197, 198, 200, 201, 204, 206, 207, 209, 210, 211, 213, 215, 216, 217, 218, 219, 220, 221, 222, 223, 224, 225, 226, 227, 228, 229, 230, 231, 232, 233, 234, 235, 236, 237, 238, 240, 241, 242, 243, 244, 245, 246, 247, 248, 250, 251, 252, 253, 254, 255, 256, 257, 258, 259, 260, 261, 262, 263, 264, 265, 266, 267, 268, 269, 270, 271, 272, 273, 275, 277, 278, 279, 280, 281, 282, 284, 285, 286, 287, 289, 290, 291, 292, 294, 295, 296, 297, 298, 299, 300, 301, 303, 304, 305, 306, 307, 308, 309, 310, 311, 312, 313, 314, 315, 316, 317, 318, 319, 320, 321, 322, 323, 324, 325, 326, 327, 328, 329, 330, 331, 332, 333, 334, 335, 336, 337, 338, 339, 341, 342, 343, 344, 345, 346, 347, 348, 349, 351, 352, 353, 355, 356, 357, 358, 360, 361, 362, 363, 364, 365, 366, 367, 368, 369, 370, 371, 372, 373, 374, 375, 376, 377, 378, 379, 380, 381, 382, 384, 385, 386, 387, 388, 389, 390, 391, 392, 393, 394, 395, 397, 398, 399, 400, 401, 402, 403, 404, 405, 407, 409, 411, 412, 414, 415, 416, 417, 418, 419, 421, 422, 424, 425, 426, 427, 428, 429, 430, 431, 433, 434, 435, 436, 437, 438, 440, 441, 442, 443, 444, 445, 446, 447, 448, 449, 450, 451, 452, 453, 454, 455, 456, 457, 458, 459, 460, 462, 463, 464, 465, 466, 467, 468, 469, 470, 471, 472, 473, 474, 475, 476, 477, 478, 479, 480, 481, 482, 483, 484, 485, 486, 487, 488, 489, 490, 491, 492, 493, 494, 495, 496, 497, 498, 499, 500, 501, 502, 503, 504, 507, 508, 512, 513, 514, 515, 516, 517, 518, 519, 520, 521, 522, 523, 524, 525, 526, 527, 528, 529, 531, 534, 535, 536, 539, 540, 541, 542, 543, 544, 545, 546, 547, 548, 549, 550, 551, 552, 553, 554, 555, 556, 557, 558, 559, 560, 561, 562, 563, 564, 565, 566, 567, 568, 570, 571, 572, 573, 574, 575, 576, 577, 578, 579, 581, 582, 583, 584, 585, 586, 587, 588, 589, 590, 591, 592, 593, 594, 595, 596, 597, 598, 599, 600, 601, 602, 603, 604, 605, 606, 607, 608, 609, 610, 611, 612, 614, 615, 616, 617, 618, 620, 621, 622, 623, 624, 625, 626, 627, 628, 629, 630, 631, 632, 634, 635, 636, 638, 639, 640, 641, 642, 643, 644, 646, 647, 648, 652, 653, 654, 655, 656, 657, 658, 659, 660, 662, 664, 665, 666, 667, 668, 670, 671, 672, 673, 674, 676, 677, 678, 679, 680, 682, 683, 684, 685, 688, 689, 692, 693, 694, 695, 697, 699, 700, 701, 702, 703, 704, 705, 706, 707, 708, 709, 710, 711, 712, 713, 714, 715, 717, 718, 719, 721, 722, 724, 725, 727, 728, 729, 730, 731, 732, 733, 735, 736, 738, 739, 740, 741, 742, 744, 745, 746, 747, 748, 749, 750, 751, 756, 758, 759, 760, 762, 763, 764, 767, 768, 769, 770, 773, 776, 777, 778, 779, 780, 781, 782, 783, 784, 785, 786, 788, 789, 790, 791, 792, 798, 799, 801, 802, 804, 805, 806, 807, 808, 810, 814, 815, 817, 818, 819, 820, 821, 823, 824, 825, 826, 827, 829, 830, 831, 832, 833, 834, 836, 837, 838, 839, 840, 841, 842, 844, 845, 847, 848, 851, 853, 854, 855, 856, 857, 858, 860, 863, 864, 865, 866, 868, 869, 870, 871, 872, 873, 875, 876, 877, 878, 879, 880, 881, 882, 883, 885, 886, 887, 888, 889, 890, 891, 893, 894, 896, 897, 898, 900, 901, 902, 903, 904, 905, 906, 907, 909, 910, 911, 912, 914, 915, 916, 917, 918, 919, 920, 921, 922, 923, 924, 925, 926, 927, 928, 929, 930, 931, 932, 933, 934, 935, 936, 938, 939, 940, 941, 942, 943, 945, 946, 947, 948, 949, 950, 951, 952, 953, 954, 955, 956, 957, 958, 959, 960, 961, 962, 963, 964, 965, 966, 967, 968, 969, 970, 971, 972, 973, 974, 975, 976, 978, 979, 980, 981, 982, 983, 984, 985, 986, 987, 988, 989, 990, 991, 992, 993, 994, 995, 996, 997, 998, 999, 1000, 1001, 1002, 1003, 1004, 1005, 1006, 1007, 1008, 1009, 1010, 1012, 1013, 1014, 1015, 1016, 1017, 1018, 1019, 1020, 1021, 1022, 1023, 1024, 1025, 1026, 1027, 1028, 1030, 1031, 1032, 1033, 1034, 1035, 1036, 1037, 1038, 1039, 1040, 1041, 1042, 1043, 1044, 1045, 1046, 1048, 1049, 1050, 1051, 1052, 1053, 1055, 1056, 1057, 1058, 1059, 1060, 1062, 1063, 1064, 1065, 1066, 1068, 1069, 1070, 1071, 1073, 1074, 1075, 1077, 1078, 1079, 1080, 1081, 1082, 1083, 1084, 1085, 1086, 1087, 1088, 1089, 1090, 1091, 1092, 1093, 1094, 1095, 1096, 1097, 1099, 1100, 1101, 1102, 1103, 1104, 1105, 1106, 1107, 1108, 1109, 1110, 1111, 1112, 1114, 1115, 1116, 1117, 1118, 1122, 1123, 1124, 1126, 1128, 1129, 1130, 1132, 1133, 1134, 1135, 1136, 1137, 1138, 1139, 1140, 1141, 1142, 1143, 1144, 1145, 1146, 1147, 1148, 1149, 1150, 1151, 1152, 1153, 1154, 1155, 1156, 1158, 1159, 1160, 1161, 1162, 1163, 1164, 1165, 1167, 1168, 1169, 1170, 1171, 1172, 1173, 1174, 1175, 1176, 1178, 1179, 1180, 1181, 1182, 1183, 1184, 1186, 1190, 1191, 1192, 1193, 1194, 1195, 1196, 1197, 1198, 1199, 1200, 1201, 1202, 1203, 1204, 1205, 1206, 1207, 1208, 1209, 1210, 1211, 1213, 1214, 1215, 1216, 1217, 1218, 1219, 1220, 1221, 1222, 1223, 1224, 1225, 1226, 1228, 1229, 1230, 1231, 1232, 1234, 1235, 1238, 1239, 1240, 1241, 1242, 1243, 1244, 1245, 1246, 1247, 1248, 1249, 1250, 1251, 1253, 1254, 1255, 1256, 1257, 1258, 1259, 1260]
-1 class :201
[1, 2, 14, 20, 21, 28, 29, 30, 33, 38, 40, 43, 45, 48, 51, 52, 53, 54, 59, 62, 63, 65, 69, 70, 71, 73, 74, 77, 78, 79, 80, 85, 86, 89, 90, 91, 95, 99, 111, 113, 148, 150, 154, 162, 163, 165, 167, 172, 179, 182, 184, 186, 189, 190, 193, 195, 196, 199, 202, 203, 205, 208, 212, 214, 239, 249, 274, 276, 283, 288, 293, 302, 340, 350, 354, 359, 383, 396, 406, 408, 410, 413, 420, 423, 432, 439, 461, 505, 506, 509, 510, 511, 530, 532, 533, 537, 538, 569, 580, 613, 619, 633, 637, 645, 649, 650, 651, 661, 663, 669, 675, 681, 686, 687, 690, 691, 696, 698, 716, 720, 723, 726, 734, 737, 743, 752, 753, 754, 755, 757, 761, 765, 766, 771, 772, 774, 775, 787, 793, 794, 795, 796, 797, 800, 803, 809, 811, 812, 813, 816, 822, 828, 835, 843, 846, 849, 850, 852, 859, 861, 862, 867, 874, 884, 892, 895, 899, 908, 913, 937, 944, 977, 1011, 1029, 1047, 1054, 1061, 1067, 1072, 1076, 1098, 1113, 1119, 1120, 1121, 1125, 1127, 1131, 1157, 1166, 1177, 1185, 1187, 1188, 1189, 1212, 1227, 1233, 1236, 1237, 1252]

score : [-9.83696296e-05  9.56445088e-02  2.30074219e-05 ...  4.93332335e-01
  1.72751013e-01  3.32190123e-01]
