param settings:EllipticEnvelope(assume_centered=False, contamination=0.2, random_state=None,
         store_precision=True, support_fraction=0.7)
cluster_thresh:
feature select:['lbp', 'gab', 'glcm', 'hog']
precision: {'precision_b1': 0.7444, 'precision': 0.9166, 'acc': 0.8821, 'recall_b1': 0.6907, 'recall': 0.9348, 'false_alert_b1': 0.25560000000000005, 'miss_alert_b1': 0.3093, 'false_alert': 0.08340000000000003, 'miss_alert': 0.06520000000000004, 'intersect_1': 659, 'intersect_b1': 134}
all_predict:
sum:899
1 class :719
[3, 7, 8, 9, 10, 11, 12, 13, 14, 15, 16, 17, 18, 19, 20, 21, 22, 23, 24, 25, 26, 27, 28, 29, 30, 31, 32, 33, 34, 35, 36, 37, 38, 39, 40, 41, 42, 43, 44, 45, 46, 47, 48, 49, 50, 51, 52, 53, 54, 55, 56, 57, 58, 59, 60, 61, 62, 63, 64, 65, 66, 67, 68, 69, 70, 71, 72, 73, 74, 75, 76, 77, 78, 79, 80, 81, 82, 83, 84, 85, 86, 87, 88, 89, 90, 91, 92, 93, 94, 95, 96, 97, 98, 99, 100, 101, 102, 103, 104, 105, 106, 107, 108, 109, 110, 111, 112, 113, 114, 115, 116, 117, 118, 119, 120, 121, 122, 123, 124, 125, 126, 127, 128, 129, 130, 131, 132, 133, 134, 135, 136, 137, 138, 139, 140, 141, 142, 143, 144, 145, 146, 147, 148, 149, 150, 151, 152, 153, 154, 155, 156, 157, 158, 159, 160, 161, 162, 163, 164, 165, 166, 167, 168, 169, 170, 171, 172, 173, 174, 175, 176, 177, 178, 179, 180, 181, 182, 183, 184, 185, 186, 187, 188, 189, 190, 191, 192, 193, 194, 195, 196, 197, 198, 199, 201, 202, 203, 204, 205, 206, 207, 208, 209, 210, 211, 212, 216, 217, 218, 219, 220, 221, 222, 223, 246, 247, 248, 249, 250, 251, 252, 253, 254, 255, 256, 257, 258, 259, 260, 261, 262, 263, 264, 265, 266, 267, 268, 269, 270, 271, 272, 273, 274, 275, 276, 277, 278, 279, 280, 281, 282, 283, 284, 285, 286, 287, 288, 289, 290, 291, 292, 293, 294, 295, 296, 297, 298, 299, 300, 301, 302, 303, 304, 305, 306, 307, 308, 309, 310, 311, 312, 313, 314, 315, 316, 317, 318, 319, 320, 321, 322, 323, 324, 325, 326, 327, 328, 329, 330, 331, 332, 333, 334, 335, 336, 337, 338, 339, 340, 341, 342, 343, 344, 345, 346, 347, 348, 349, 350, 351, 352, 353, 354, 355, 356, 357, 358, 359, 360, 361, 362, 363, 364, 365, 366, 367, 368, 369, 370, 371, 372, 373, 374, 375, 376, 377, 378, 379, 380, 381, 382, 383, 384, 385, 386, 387, 388, 389, 390, 391, 392, 393, 394, 395, 396, 397, 398, 399, 400, 401, 402, 403, 404, 405, 406, 407, 408, 409, 410, 411, 412, 413, 414, 415, 416, 417, 418, 419, 420, 421, 422, 423, 424, 425, 426, 427, 428, 429, 430, 431, 432, 433, 434, 435, 436, 437, 438, 439, 440, 441, 442, 443, 444, 445, 446, 447, 448, 449, 450, 451, 452, 453, 454, 455, 456, 457, 458, 459, 460, 461, 462, 463, 464, 465, 466, 468, 469, 470, 471, 472, 473, 474, 475, 476, 477, 478, 479, 480, 481, 482, 483, 484, 485, 486, 487, 488, 489, 490, 494, 495, 496, 497, 498, 502, 503, 504, 505, 506, 508, 509, 510, 511, 512, 513, 514, 515, 516, 517, 518, 519, 520, 521, 522, 523, 524, 525, 526, 527, 528, 529, 530, 531, 532, 533, 534, 535, 536, 537, 538, 539, 540, 541, 542, 543, 544, 545, 546, 547, 548, 549, 550, 551, 552, 553, 554, 555, 556, 557, 558, 559, 560, 561, 562, 563, 564, 565, 566, 567, 568, 569, 580, 582, 583, 584, 585, 586, 587, 588, 589, 590, 591, 592, 593, 594, 595, 596, 597, 598, 599, 600, 601, 602, 603, 604, 605, 606, 607, 608, 609, 610, 611, 612, 613, 614, 615, 616, 617, 618, 619, 620, 621, 622, 623, 624, 625, 626, 627, 628, 629, 630, 631, 632, 633, 634, 635, 636, 637, 638, 639, 640, 641, 642, 643, 644, 645, 646, 647, 648, 649, 650, 651, 652, 653, 654, 655, 656, 657, 658, 659, 660, 661, 662, 663, 664, 665, 666, 667, 668, 669, 670, 671, 672, 673, 674, 675, 676, 677, 678, 679, 680, 681, 682, 683, 684, 685, 686, 687, 688, 689, 690, 691, 692, 693, 694, 695, 696, 697, 698, 699, 700, 701, 702, 703, 704, 705, 706, 707, 708, 709, 710, 711, 712, 713, 714, 715, 716, 717, 718, 719, 720, 721, 722, 729, 734, 736, 802, 803, 804, 805, 806, 807, 808, 809, 810, 811, 812, 813, 814, 815, 816, 817, 818, 819, 821, 822, 823, 824, 825, 826, 827, 828, 829, 831, 832, 833, 834, 835, 836, 837, 838, 839, 840, 841, 842, 843, 844, 845, 846, 847]
-1 class :180
[1, 2, 4, 5, 6, 200, 213, 214, 215, 224, 225, 226, 227, 228, 229, 230, 231, 232, 233, 234, 235, 236, 237, 238, 239, 240, 241, 242, 243, 244, 245, 467, 491, 492, 493, 499, 500, 501, 507, 570, 571, 572, 573, 574, 575, 576, 577, 578, 579, 581, 723, 724, 725, 726, 727, 728, 730, 731, 732, 733, 735, 737, 738, 739, 740, 741, 742, 743, 744, 745, 746, 747, 748, 749, 750, 751, 752, 753, 754, 755, 756, 757, 758, 759, 760, 761, 762, 763, 764, 765, 766, 767, 768, 769, 770, 771, 772, 773, 774, 775, 776, 777, 778, 779, 780, 781, 782, 783, 784, 785, 786, 787, 788, 789, 790, 791, 792, 793, 794, 795, 796, 797, 798, 799, 800, 801, 820, 830, 848, 849, 850, 851, 852, 853, 854, 855, 856, 857, 858, 859, 860, 861, 862, 863, 864, 865, 866, 867, 868, 869, 870, 871, 872, 873, 874, 875, 876, 877, 878, 879, 880, 881, 882, 883, 884, 885, 886, 887, 888, 889, 890, 891, 892, 893, 894, 895, 896, 897, 898, 899]

score : [-1.01147747e+04  4.96990988e+03  5.04489348e+03  5.08964682e+03
  5.07439397e+03  5.09403848e+03  5.10482156e+03  5.07763859e+03
  5.06312736e+03  5.08824915e+03  5.05405451e+03  5.07484513e+03
  4.79970744e+03  5.06431939e+03  5.01416917e+03  5.07310642e+03
  5.08867881e+03  5.05451572e+03  5.03365755e+03  5.02748826e+03
  5.01845251e+03  5.06817337e+03  5.03235244e+03  5.00686485e+03
  5.06730437e+03  5.02071376e+03  5.06099363e+03  5.09152450e+03
  5.11119950e+03  5.06685627e+03  5.09750906e+03  5.09672366e+03
  5.10995603e+03  5.11826383e+03  5.00514599e+03  5.13107796e+03
  5.11172719e+03  5.09987506e+03  5.08204673e+03  5.06330130e+03
  5.07715216e+03  5.12084281e+03  5.10279500e+03  5.08966901e+03
  5.09813279e+03  5.03787079e+03  5.09878159e+03  5.10859523e+03
  5.10758347e+03  5.08928622e+03  5.08446239e+03  5.10105107e+03
  5.09575060e+03  5.08779261e+03  5.08117944e+03  5.08613856e+03
  4.78193021e+03  5.12633962e+03  5.05897671e+03  5.06428490e+03
  5.08875642e+03  5.07876323e+03  5.08867984e+03  5.05216128e+03
  5.07876690e+03  5.11790957e+03  5.10361591e+03  5.03811093e+03
  5.10565931e+03  5.05912597e+03  5.11113092e+03  5.11064406e+03
  5.10587600e+03  5.09017798e+03  5.11293723e+03  5.08905899e+03
  5.12413962e+03  5.12704229e+03  5.02367141e+03  5.11785882e+03
  5.12895878e+03  5.09900184e+03  5.12946686e+03  5.10141153e+03
  5.12995467e+03  5.12987996e+03  5.13229337e+03  5.09417423e+03
  5.11519948e+03  4.98730731e+03  5.09766628e+03  5.11615790e+03
  5.10799270e+03  5.12638022e+03  5.12272138e+03  5.08457244e+03
  5.09446185e+03  5.11790758e+03  5.11556760e+03  5.11544292e+03
  4.69888574e+03  5.11256070e+03  5.07086298e+03  5.03621247e+03
  5.05858997e+03  5.00612982e+03  5.04176045e+03  5.02576008e+03
  5.01339317e+03  4.42839427e+03  3.87782552e+03 -5.76029442e+03
  5.00646241e+03 -1.31806485e+05  3.80359540e+03  3.95582404e+03
  3.80663369e+03  3.27147146e+03  2.86335714e+03  2.30968718e+02
  8.17827766e+02  3.37570937e+03  3.57949235e+03  5.02576451e+03
  3.34132923e+03  9.69142101e+02  2.62689143e+02 -1.19480604e+05
 -1.11815526e+05 -1.11710407e+05  3.93273953e+03  4.95201470e+03
  5.05070796e+03  5.00795736e+03  5.03769436e+03  5.02366570e+03
  4.26553417e+03  3.94105522e+03  1.41475586e+01 -6.85066487e+03
 -1.04362780e+04 -1.71133337e+04 -1.87640718e+04 -2.11466167e+04
 -1.99348734e+04  5.05935943e+03 -2.21439931e+04 -2.12458229e+04
 -6.11279695e+04 -5.36857455e+04 -4.66759075e+04 -8.52246744e+04
 -9.48291189e+04 -7.46053938e+04 -2.47899365e+04 -8.47007824e+03
  5.06087663e+03 -8.31390427e+03 -9.05781643e+03 -7.98304282e+03
 -3.52054876e+03 -3.02532860e+03 -5.83494107e+02  1.36872955e+03
  1.64611582e+03  2.85343266e+03  3.38563277e+03  5.01751718e+03
  2.80820625e+03  3.82064798e+03  4.49982060e+03  4.92602115e+03
  4.99970724e+03  5.03277816e+03  4.96137481e+03  5.02848678e+03
  4.68786260e+03  5.04090037e+03  5.02013469e+03  4.99841183e+03
  1.78184419e+03  2.94941631e+03  3.51700150e+03  2.43628644e+03
  3.97419368e+03  4.98328490e+03  4.99488599e+03  5.00605948e+03
  5.04048848e+03  5.04160810e+03  5.08708577e+03  5.07088424e+03
  5.07415332e+03  5.07652926e+03  5.08603142e+03  5.09470126e+03
  5.03762420e+03  5.07152659e+03  5.06702893e+03  5.08492036e+03
  5.03630233e+03  5.07701030e+03  5.07417550e+03  5.06768949e+03
  5.08678247e+03  5.05447846e+03  5.06302573e+03  5.06031859e+03
  5.07297247e+03  5.06492009e+03  5.03914984e+03  5.02051244e+03
  5.07254061e+03  5.02866064e+03  5.03327966e+03  5.06052061e+03
  5.07880827e+03  5.04790692e+03  5.08601423e+03  5.06470701e+03
  5.05533420e+03  5.06118917e+03  2.08288566e+03  5.03351409e+03
  5.05900059e+03  5.04800221e+03  5.08785807e+03  5.07512369e+03
  5.05030447e+03  5.04682594e+03  5.07619031e+03  5.07144830e+03
  5.04505650e+03  5.04975335e+03  5.05342660e+03  5.05249540e+03
  5.05971536e+03  5.07374603e+03  5.02719898e+03  5.08112462e+03
  5.10184053e+03  5.09479369e+03  5.10637321e+03  5.08223282e+03
  5.10628936e+03  4.99832814e+03  5.09318513e+03  4.98445412e+03
  5.04105705e+03  5.07243037e+03  5.12787861e+03  5.10766819e+03
  5.08416813e+03  5.08009604e+03  5.01986250e+03  5.06083714e+03
  5.04674018e+03  5.05072328e+03  5.07589221e+03  5.06643863e+03
  5.06139517e+03  5.06669255e+03  5.05105875e+03  5.08276917e+03
  5.02742066e+03  5.07400186e+03  5.11264172e+03  5.04399758e+03
  5.08799177e+03  4.70386420e+03  5.05216424e+03  5.03529180e+03
  4.98124311e+03  5.04171481e+03  5.04504701e+03  5.09097541e+03
  5.10149827e+03  5.08640472e+03  5.03053960e+03  5.09086708e+03
  5.09205919e+03  5.09425181e+03  5.03620821e+03  5.02777335e+03
  4.99709669e+03  5.05065423e+03  5.02365041e+03  5.00685760e+03
  5.01533444e+03  5.02216198e+03  5.01029783e+03  4.37087037e+03
  4.52278367e+03  4.34907964e+03  4.67021326e+03  4.99665240e+03
  5.00839423e+03  4.99633201e+03  4.55313113e+03  4.07752662e+03
  5.04849084e+03  3.88892556e+03  3.71217652e+03  3.59927394e+03
  4.05373781e+03  4.67069091e+03  4.93474732e+03  4.69625568e+03
  4.99055352e+03  5.02565479e+03  5.03887996e+03  5.02992731e+03
  5.02987438e+03  5.01121380e+03  5.04849736e+03  5.05016856e+03
  5.05911373e+03  5.08665720e+03  5.07738863e+03  5.08093315e+03
  5.11788619e+03  5.10391915e+03  5.02477609e+03  5.11578960e+03
  5.07813555e+03  5.11433449e+03  5.12236546e+03  5.12952797e+03
  5.10225575e+03  5.14194761e+03  5.12518515e+03  5.09622507e+03
  5.10428875e+03 -5.48149078e+02  4.78042825e+03  5.11682317e+03
  5.03370589e+03  5.08801058e+03  5.14838369e+03  5.13820502e+03
  5.15579870e+03  5.14603823e+03  5.13890152e+03  5.15453128e+03
  5.14267304e+03  4.93666739e+03  5.15155804e+03  5.13084416e+03
  5.14005644e+03  5.14859242e+03  5.12722777e+03  5.13249295e+03
  5.14783835e+03  5.13828877e+03  5.09744404e+03  5.12853498e+03
  4.57939983e+03  5.15807270e+03  5.12048280e+03  5.10171964e+03
  5.10770716e+03  5.13062442e+03  5.12618320e+03  5.12828588e+03
  5.11843408e+03  5.13548950e+03  5.13014142e+03  5.01224124e+03
  5.08792652e+03  5.13247097e+03  5.08627690e+03  5.12557496e+03
  5.11237483e+03  5.12869365e+03  5.08159775e+03  5.03021401e+03
  5.09607513e+03  5.08322085e+03  5.01775344e+03  5.09463142e+03
  5.07986716e+03  5.02050674e+03  4.64194017e+03  5.02714408e+03
  5.09476403e+03  5.08050028e+03  5.07606881e+03  5.09443331e+03
  5.10904738e+03  5.00985482e+03  5.11332152e+03  5.05783393e+03
  5.11193337e+03  5.08566503e+03  5.09168202e+03  5.10948667e+03
  5.07587315e+03  4.99807139e+03  4.98245709e+03  5.08235708e+03
  4.98629470e+03  5.07620715e+03  5.09361820e+03  5.08939904e+03
  5.07967117e+03  5.08564269e+03  5.03698707e+03  4.57256302e+03
 -2.33990574e+02  4.37635929e+03  4.98068827e+03  4.64042035e+03
  5.03275568e+03  4.80001924e+03  5.01891887e+03  4.49571699e+03
  4.53495252e+03  4.68005746e+03  4.75087726e+03  5.01286200e+03
  4.99690576e+03  5.04351256e+03  4.46677955e+03  5.02171800e+03
  4.96990815e+03  4.32070544e+03  3.05690202e+03  3.50051995e+03
  4.24495351e+03  3.88114280e+03  4.09216707e+03  3.27719028e+03
  2.37630932e+03  4.18851849e+03  1.95685533e+03 -8.26049981e+02
 -1.91858007e+03 -7.69347022e+02  3.61630443e+03  3.76738544e+03
  2.12546174e+03  2.12656832e+03  2.08189618e+03 -4.02361669e+03
 -2.22128284e+04  4.19383496e+03 -2.88220215e+03 -2.54985117e+02
  4.05676290e+03  4.07300577e+03  3.65066891e+03  3.11134279e+03
  1.73178851e+02 -4.99750247e+03  2.06971064e+03  4.39174470e+03
  4.18859141e+03  2.97060198e+03  2.64533120e+03  3.14046622e+03
  3.97257776e+03  4.29585503e+03  4.57844599e+03  4.97531750e+03
  4.96569375e+03  5.02132623e+03  4.98283247e+03  4.99389345e+03
  4.97987102e+03  4.97977784e+03  5.08332887e+03  5.04274877e+03
  5.02945217e+03  5.03827440e+03  5.03593983e+03  4.75341883e+03
  4.54199218e+03  5.00950449e+03  5.01995380e+03  5.02729596e+03
  5.04289063e+03  5.04900702e+03  5.05255817e+03  5.08901047e+03
  5.10445363e+03  5.08994058e+03  4.97794182e+03  4.74368511e+03
  4.99932873e+03  5.04198032e+03  5.01798070e+03  4.98656682e+03
  5.02836325e+03  5.06061864e+03  5.00824315e+03  5.07633003e+03
  5.06632676e+03  5.06770508e+03  5.00810866e+03  5.07232600e+03
  5.09123407e+03  5.06242794e+03  5.09197216e+03  5.05633010e+03
  5.09826238e+03  5.06066055e+03  5.01516012e+03  5.05099794e+03
  4.99433334e+03  5.01280782e+03  4.98041224e+03  5.05018042e+03
  5.03028006e+03  4.65703398e+03  4.51810372e+03  4.04067791e+03
  3.74466474e+03  1.96794613e+03  1.61747278e+02  2.98990424e+03
  1.15721192e+03  2.15630472e+02  5.07163609e+03 -6.77551748e+03
 -6.61416683e+03 -1.05005137e+03 -4.73911622e+03 -6.04318820e+03
 -4.23263897e+03 -8.12059945e+03 -4.95229480e+04 -3.06422325e+03
 -2.51134901e+03  5.07783162e+03  2.72714008e+03 -1.18276490e+03
  1.55581905e+03  3.09033298e+03  3.97431739e+03  2.11206596e+03
  3.89154300e+03  4.98474961e+03  5.03132087e+03  4.97304420e+03
  5.06467431e+03  5.03271864e+03  5.03722254e+03  5.03643922e+03
  5.02613840e+03  5.06875922e+03  5.06149428e+03  5.02175058e+03
  5.00418360e+03  5.08876683e+03  5.06898060e+03 -1.64224566e+03
  5.07455508e+03  5.02165624e+03  5.04038922e+03  5.06526401e+03
  5.07202948e+03  5.08779933e+03  5.07121939e+03  5.04917834e+03
  4.97045241e+03  5.04104999e+03  5.07751707e+03  5.07088164e+03
  5.06584726e+03  5.05291630e+03  5.05558037e+03  5.02857336e+03
  5.06857024e+03  5.04769038e+03  5.06756503e+03  5.08128687e+03
  5.03511063e+03  5.06102520e+03  5.07503819e+03  5.03908709e+03
  5.05536316e+03  5.07415264e+03  5.10427317e+03  5.08349575e+03
  5.06465057e+03  5.09432497e+03  5.07042217e+03  5.05079837e+03
  5.05111647e+03  5.07986440e+03  5.08958913e+03  5.08183854e+03
  5.12310191e+03  5.12779555e+03  5.12421510e+03  5.11342908e+03
  5.09479267e+03  5.10852687e+03  5.11212896e+03  5.10236583e+03
  5.07337014e+03  5.10912561e+03  5.10322619e+03  5.12371565e+03
  5.12231415e+03  5.08850341e+03  5.08922898e+03  5.11204074e+03
  5.11725642e+03  5.09697553e+03  5.13033548e+03  5.04546210e+03
  5.10120681e+03  5.11558271e+03  5.10132727e+03  5.10106832e+03
  5.11187010e+03  5.10171043e+03  5.12407332e+03  5.11737923e+03
  5.09863679e+03  5.08639783e+03  5.08386576e+03  5.11108291e+03
  5.10111411e+03  5.11030136e+03  5.11431003e+03  5.12478399e+03
  5.12239371e+03  5.10667043e+03  5.10098394e+03  5.08752970e+03
  5.11173641e+03  5.05567982e+03  5.11140550e+03  5.12787577e+03
  5.12462958e+03  5.11682209e+03  5.11437760e+03  5.13579343e+03
  5.10499402e+03  5.12024800e+03  5.12227172e+03  5.10564432e+03
  5.08158504e+03  5.09806635e+03  5.10493197e+03  5.11615155e+03
  5.09026543e+03  5.10406778e+03  5.09787672e+03  5.12307507e+03
  5.12496585e+03  5.13569444e+03  5.09713053e+03  5.10337477e+03
  5.09548794e+03  5.10340442e+03  5.10368418e+03  5.10224808e+03
  5.05756178e+03  5.03912270e+03  4.98777128e+03  4.97902643e+03
  4.72615288e+03  4.96409033e+03  3.94699550e+03  5.09177277e+03
  4.98992148e+03  5.05126458e+03  5.08457003e+03  5.08661606e+03
  5.03149533e+03  4.71050862e+03  4.31925071e+03  3.89514379e+03
  4.64658722e+03  4.00323074e+03  5.09213607e+03  3.91908514e+03
  3.78588881e+03  4.30246478e+03  4.36551054e+03  4.72175909e+03
  4.94207210e+03  4.08890813e+03  4.28208231e+03  3.98605651e+03
  3.44542969e+03  5.07783347e+03  1.25021062e+03  1.65276753e+03
  1.59850395e+02 -4.36737240e+03 -2.93471887e+03 -3.49042502e+03
 -5.70264114e+03 -1.05222966e+04 -4.59643114e+03  2.26127611e+01
  5.05354984e+03 -5.94312389e+03 -1.02522440e+04 -8.76728887e+03
 -6.85199649e+02  1.28629124e+03 -2.12213378e+01  7.43248067e+02
 -6.62720223e+02 -1.64620983e+03 -4.35569134e+03  5.04705372e+03
 -6.29988376e+03 -8.80199755e+03 -1.49187935e+05 -3.92221906e+03
 -5.27449901e+03 -5.01475855e+03 -3.69305468e+03 -4.38795681e+03
 -6.26068259e+04 -3.74169672e+05  5.04704780e+03 -1.98359784e+06
 -1.51872702e+07 -1.17818136e+08 -1.11546010e+08 -2.12588033e+07
 -2.07859701e+08 -4.90537952e+08 -5.44025126e+08 -5.70361505e+08
 -3.88090350e+08  5.01935077e+03 -3.26992564e+08 -2.07790907e+08
 -5.38230972e+07 -7.74483303e+07 -4.37604675e+07 -7.54290239e+07
 -7.38699466e+07 -6.78486038e+07 -5.95517962e+07 -5.12730340e+07
  5.01804175e+03 -1.00759617e+08 -6.35285860e+07 -7.08067171e+07
 -8.14046639e+07 -6.69333478e+07 -1.25331895e+08 -1.86759746e+08
 -3.79733332e+08 -3.77109400e+08 -7.69301158e+06  5.05278714e+03
 -1.11948523e+07 -3.94693493e+07 -3.86224606e+07 -5.03075976e+07
 -3.46230857e+07 -1.37951349e+07 -7.62678760e+06 -2.42955855e+06
 -1.19572628e+06 -5.12910453e+05  5.02950901e+03 -3.96565099e+05
 -2.41934996e+05 -2.22238797e+05 -1.73391361e+05 -1.52867465e+05
 -1.54881362e+05 -1.52398936e+05 -6.23174341e+03 -2.77231102e+03
 -1.95688282e+03  4.96609928e+03  5.05976550e+03 -3.95492814e+03
 -6.56564341e+02  4.50841664e+02  3.98734371e+02  1.72602250e+03
  2.62804242e+03  2.19988841e+03  1.90601959e+03  2.65703763e+03
  2.34476286e+03  5.05509817e+03  2.73609163e+03  2.24041549e+03
  2.83169176e+03  2.67793632e+03  2.85868490e+03  3.39076595e+03
  1.28811975e+03  2.58773543e+03  3.22936557e+03  3.20593174e+03
  5.02834619e+03 -5.86650736e+02  1.95361556e+02  1.78289120e+03
  1.15408966e+02  2.40944866e+03  3.44042530e+03  1.66514539e+03
  2.81049320e+03  6.46418607e+02  3.22423300e+02  5.03364413e+03
 -6.88826668e+02  3.94379459e+03  4.42253490e+03  3.86255261e+03
  4.16970187e+03  4.85714523e+03  4.54303963e+03  3.84151824e+03
  3.15817879e+03  4.06001332e+03  5.03908120e+03  4.83218650e+03
  3.99399363e+03  2.85663433e+03  3.29162988e+03  8.71631242e+02
  6.79367551e+02  2.36535024e+03  7.77319860e+02 -4.88583318e+03
 -6.67179769e+03  5.00396407e+03 -1.36619297e+05 -1.57955629e+05
 -1.48976694e+05 -5.18324401e+04 -5.98015453e+04 -1.66018371e+05
 -1.62238697e+05 -4.44637737e+04 -4.04999367e+04 -2.12405956e+04
  4.75233122e+03 -2.18243445e+04 -1.52617379e+05 -2.81271617e+04
 -1.65236168e+05 -3.66395408e+04 -4.62147966e+04 -4.63585561e+04
 -5.10401899e+04 -3.80683959e+04 -6.71836566e+04  4.97611608e+03
 -2.07804251e+05 -6.60606758e+04 -8.86078039e+04 -2.19151733e+05
 -1.66164818e+05 -2.11656251e+05 -3.53834845e+05 -5.16089878e+05
 -7.08112484e+05 -3.67939331e+06  4.78903130e+03 -6.33004788e+06
 -2.40081230e+07 -1.35398339e+08 -1.80096228e+08 -3.08601648e+08
 -2.63006133e+08 -3.60009037e+08 -5.53817142e+08 -2.01060505e+09
 -3.11013604e+09  4.95892507e+03 -3.73627823e+09 -2.72414643e+09
 -3.22495652e+09 -2.42220025e+09 -3.70000054e+09 -3.20024589e+09
 -2.67080021e+09 -5.73638690e+08 -1.85268419e+09 -4.72208746e+09
  5.00657648e+03  4.68315348e+03  4.60835183e+03  4.66208156e+03
  4.99626020e+03  5.03786136e+03  5.05700278e+03  5.04923632e+03
  5.06962708e+03  4.73665116e+03  5.02730193e+03]
