param settings:OneClassSVM(cache_size=200, coef0=0.0, degree=3, gamma=0.2, kernel='rbf',
      max_iter=-1, nu=0.2, random_state=None, shrinking=True, tol=0.001,
      verbose=False)
cluster_thresh:
feature select:['glcm']
precision: {'precision_b1': 0.601, 'precision': 0.8966, 'acc': 0.8298, 'recall_b1': 0.6289, 'recall': 0.8851, 'false_alert_b1': 0.399, 'miss_alert_b1': 0.3711, 'false_alert': 0.10340000000000005, 'miss_alert': 0.1149, 'intersect_1': 624, 'intersect_b1': 122}
all_predict:
sum:899
1 class :696
[1, 6, 8, 10, 11, 12, 13, 14, 15, 16, 17, 18, 20, 21, 22, 23, 24, 25, 26, 27, 28, 29, 30, 31, 33, 34, 35, 36, 37, 38, 39, 40, 41, 43, 44, 46, 47, 48, 50, 53, 54, 55, 56, 57, 58, 59, 60, 61, 64, 65, 66, 67, 68, 69, 70, 71, 72, 73, 74, 75, 76, 77, 78, 79, 80, 81, 82, 83, 84, 85, 87, 88, 89, 90, 92, 93, 94, 95, 96, 97, 98, 99, 100, 101, 102, 103, 104, 105, 106, 107, 108, 109, 110, 111, 112, 113, 115, 116, 117, 118, 119, 121, 122, 123, 124, 125, 126, 127, 128, 129, 130, 131, 132, 133, 134, 135, 136, 137, 138, 139, 140, 141, 142, 143, 144, 145, 146, 147, 148, 149, 150, 151, 152, 153, 154, 155, 156, 157, 158, 159, 160, 161, 162, 163, 164, 165, 166, 167, 168, 169, 170, 171, 172, 173, 174, 175, 176, 177, 178, 179, 180, 181, 182, 183, 184, 185, 186, 187, 188, 189, 190, 191, 192, 194, 196, 197, 198, 201, 202, 203, 204, 208, 209, 215, 216, 217, 218, 221, 222, 223, 224, 225, 226, 227, 229, 234, 239, 241, 243, 244, 246, 248, 249, 250, 251, 252, 254, 255, 256, 257, 258, 259, 263, 264, 265, 266, 267, 268, 269, 270, 271, 273, 274, 275, 276, 277, 278, 279, 280, 281, 282, 283, 284, 285, 286, 287, 288, 289, 290, 291, 292, 293, 294, 295, 296, 297, 298, 299, 300, 301, 302, 303, 304, 305, 306, 307, 308, 309, 310, 311, 312, 313, 314, 315, 316, 317, 318, 319, 320, 321, 322, 323, 324, 325, 326, 327, 328, 329, 330, 331, 332, 333, 334, 335, 337, 338, 339, 340, 341, 342, 343, 344, 345, 346, 347, 348, 349, 350, 351, 352, 353, 354, 355, 357, 358, 359, 360, 362, 365, 366, 367, 368, 369, 371, 372, 373, 374, 375, 376, 377, 378, 379, 380, 381, 382, 383, 384, 385, 386, 387, 388, 389, 390, 391, 392, 393, 394, 395, 396, 397, 398, 399, 400, 401, 402, 403, 404, 405, 406, 407, 408, 409, 410, 411, 412, 413, 414, 415, 416, 417, 418, 419, 420, 421, 422, 423, 424, 425, 426, 427, 428, 429, 431, 432, 433, 434, 435, 436, 437, 438, 439, 440, 441, 442, 443, 444, 445, 446, 447, 448, 449, 450, 451, 452, 453, 454, 455, 456, 457, 458, 459, 460, 461, 462, 463, 464, 465, 466, 468, 469, 470, 471, 472, 473, 475, 476, 477, 478, 479, 480, 481, 482, 484, 485, 487, 488, 494, 495, 497, 498, 501, 503, 505, 506, 509, 510, 511, 512, 513, 514, 515, 516, 517, 518, 519, 520, 521, 522, 523, 524, 525, 526, 527, 528, 530, 531, 532, 533, 534, 535, 536, 537, 538, 539, 540, 541, 542, 543, 544, 545, 546, 547, 548, 549, 550, 551, 552, 553, 554, 555, 556, 557, 558, 559, 560, 562, 565, 580, 581, 582, 583, 584, 585, 587, 588, 589, 590, 591, 592, 593, 594, 595, 596, 597, 598, 599, 600, 601, 602, 603, 604, 605, 606, 607, 608, 609, 610, 611, 612, 613, 614, 615, 616, 618, 619, 620, 621, 622, 623, 624, 625, 626, 627, 628, 629, 630, 631, 632, 633, 634, 635, 636, 637, 638, 639, 640, 641, 642, 643, 644, 645, 646, 647, 648, 649, 650, 651, 652, 653, 654, 655, 656, 657, 658, 659, 660, 661, 662, 663, 664, 666, 667, 668, 669, 670, 671, 672, 674, 675, 676, 677, 678, 679, 680, 681, 682, 683, 684, 686, 687, 688, 689, 690, 691, 692, 693, 694, 695, 697, 698, 699, 700, 701, 702, 703, 704, 705, 708, 709, 710, 712, 713, 714, 715, 716, 717, 718, 719, 720, 723, 726, 736, 737, 739, 740, 742, 748, 763, 764, 765, 767, 768, 769, 770, 773, 775, 786, 790, 792, 793, 801, 802, 804, 805, 806, 808, 809, 810, 811, 812, 814, 815, 816, 817, 819, 821, 822, 824, 825, 826, 827, 828, 829, 830, 832, 833, 834, 835, 836, 837, 838, 839, 840, 841, 842, 843, 844, 845, 846, 849, 850, 853, 855, 858, 859, 861, 862, 864, 865, 868, 870, 871, 875, 876, 884, 885]
-1 class :203
[2, 3, 4, 5, 7, 9, 19, 32, 42, 45, 49, 51, 52, 62, 63, 86, 91, 114, 120, 193, 195, 199, 200, 205, 206, 207, 210, 211, 212, 213, 214, 219, 220, 228, 230, 231, 232, 233, 235, 236, 237, 238, 240, 242, 245, 247, 253, 260, 261, 262, 272, 336, 356, 361, 363, 364, 370, 430, 467, 474, 483, 486, 489, 490, 491, 492, 493, 496, 499, 500, 502, 504, 507, 508, 529, 561, 563, 564, 566, 567, 568, 569, 570, 571, 572, 573, 574, 575, 576, 577, 578, 579, 586, 617, 665, 673, 685, 696, 706, 707, 711, 721, 722, 724, 725, 727, 728, 729, 730, 731, 732, 733, 734, 735, 738, 741, 743, 744, 745, 746, 747, 749, 750, 751, 752, 753, 754, 755, 756, 757, 758, 759, 760, 761, 762, 766, 771, 772, 774, 776, 777, 778, 779, 780, 781, 782, 783, 784, 785, 787, 788, 789, 791, 794, 795, 796, 797, 798, 799, 800, 803, 807, 813, 818, 820, 823, 831, 847, 848, 851, 852, 854, 856, 857, 860, 863, 866, 867, 869, 872, 873, 874, 877, 878, 879, 880, 881, 882, 883, 886, 887, 888, 889, 890, 891, 892, 893, 894, 895, 896, 897, 898, 899]

score : [ 1.96009210e-05  3.21055238e-02  1.04333233e-02  3.46514463e-03
  1.22153018e-01  2.11152622e-01  1.76179988e-01  2.20749266e-01
  2.41791885e-01  2.19322044e-01  1.84451826e-01  2.11437837e-01
  6.79843503e-02  1.33225058e-01  6.53699752e-02  8.15491899e-02
  6.92743848e-05 -4.62033540e-05  3.64832390e-02  5.10951152e-02
  1.63178674e-02  4.12616872e-02  1.46629025e-04  4.65953949e-02
 -1.97959194e-04  3.57996918e-03  1.11760197e-01  1.39553620e-01
  9.64301220e-02  1.58894042e-01  1.80418917e-01  1.57264320e-01
  3.69557944e-02  4.11342800e-04  1.74351445e-01  5.41356341e-02
  6.84598982e-02  9.56547424e-02  3.34991724e-01  3.22688955e-01
  2.28536169e-01  3.18905994e-01  2.72120537e-01  1.49435034e-01
  6.19074293e-02  2.66913437e-01  2.71510699e-02  1.08937464e-01
  1.22929585e-01  3.81818701e-01  4.28509336e-01  3.81344119e-01
  3.63022078e-01  3.73919951e-01  4.31443270e-01  4.94424666e-01
  2.86066102e-01  3.27219274e-01  1.65668810e-02  6.09933904e-02
  1.76800890e-01  2.30775436e-01  2.19436211e-01  2.20361081e-01
  2.56708008e-01  2.40203873e-01  4.39226121e-01  2.83924771e-01
  4.78165646e-01  3.56124569e-01  2.33983469e-01  2.42841216e-01
  2.49492541e-01  1.81101366e-01  2.33573029e-01  1.79085844e-01
  1.38860777e-01  1.79084719e-01  1.72521849e-01  2.14301234e-01
  2.32775160e-01  1.78115050e-01  1.60857376e-01  2.23445488e-01
  1.71391146e-01  1.77900422e-01  7.32632935e-02  8.56147924e-02
  4.53768086e-04  2.51031651e-04  2.55281200e-02  1.28613455e-01
  2.63974611e-01  2.45182088e-01  2.72805616e-01  3.02010891e-01
  2.67939107e-01  2.02192512e-01  2.30722747e-01  1.48588118e-01
 -4.59273217e-04  2.09626232e-01  2.00133199e-01  1.88904522e-01
 -5.83645223e-05  1.02646289e-02 -4.00884146e-05  7.52329725e-02
  8.74935493e-02  8.86822148e-02 -4.30082876e-04 -6.39333823e-02
  4.63625953e-01 -1.71767916e-04  1.50101935e-02  8.63446276e-02
  1.12148625e-01  1.21075686e-01 -3.29738846e-04 -3.39457932e-02
 -5.09759199e-05  7.42924241e-03  7.91398861e-02  4.63969081e-01
 -7.14824023e-05 -6.54252422e-05 -4.73621980e-06 -3.91660441e-02
 -5.40614320e-06  4.90604313e-02  4.71658837e-04  6.70810606e-02
  6.26716010e-02 -4.00711029e-04  2.42500143e-01 -2.43148261e-02
  5.12715075e-02  6.93485339e-02  5.64252890e-02  1.14198380e-01
  2.44118545e-04  8.77739253e-02  2.90867209e-04 -3.42438116e-05
  4.84166888e-04  2.31168901e-01 -1.46790426e-04 -1.58283940e-04
 -2.72932564e-04 -6.34252111e-05  2.66940474e-04 -4.67522069e-04
 -1.49268083e-01 -4.27687203e-01 -6.48070045e-01  1.81371606e-04
  3.31316153e-01 -3.67393194e-03  3.78743987e-04 -1.11051750e-01
  4.61585739e-04  2.32394931e-05 -1.10488777e-01  4.98566182e-04
 -7.66598639e-05  1.37213860e-06  7.85737493e-03  2.25135827e-01
  1.91542810e-02  3.37018265e-02  5.42926660e-02 -4.72678040e-05
  5.26754450e-02  8.01114903e-02  6.28129892e-02  2.65801211e-02
  9.21072567e-03  3.80684194e-04  1.63365176e-01 -2.78426663e-02
 -3.19291949e-01 -1.80234280e-01  3.62824312e-04  3.00150684e-02
  3.55129421e-01  5.35009850e-01  5.45261769e-01  4.88696189e-01
  4.67872705e-01  2.27334148e-01  2.07213414e-01  8.04960811e-02
 -1.97427881e-04  4.82157010e-02  1.45307661e-01  1.41524690e-01
  1.41954437e-01  1.62892472e-01  2.10873931e-01  2.03972492e-01
  1.76952276e-01  2.10272140e-01  2.17466756e-01  1.30595047e-01
  2.51057150e-01  2.23592170e-01  7.78835610e-02  2.24760087e-01
  1.84322392e-04  2.18624472e-01  2.87297989e-01  4.35020479e-01
  2.59426150e-01  2.29498697e-01  2.88990198e-01  4.18922255e-01
  3.17779653e-01  2.80846847e-01  3.31254394e-01  1.53236888e-01
  1.94067639e-01  1.40310362e-01 -4.75919244e-05  2.86244997e-01
  9.02986017e-02  4.57735316e-01  4.24069896e-01  4.90527826e-01
  4.95610719e-01  6.11274645e-01  6.03442613e-01  5.23016859e-01
  3.64553549e-01  3.20639214e-01  1.32129576e-01  4.34037090e-01
  4.51807044e-01  4.36030962e-01  4.18857307e-01  3.14920620e-01
  3.36003597e-01  3.09954475e-01  3.38469928e-01  3.24812420e-01
  2.90239326e-01 -5.78821986e-07  3.33248884e-01  1.79383234e-01
  3.63713997e-01  1.47130975e-01  8.94407929e-02  2.38361164e-01
  7.65438057e-02  1.02870680e-01  9.06444920e-02  1.34862751e-01
  1.45528230e-01  2.36841001e-01  2.11619812e-01  1.85238385e-01
  1.75669945e-01  1.07994648e-01  1.50535934e-01 -8.21311246e-05
  2.76604562e-02  1.57825505e-01  1.74842175e-01  1.10461274e-01
  4.09890994e-01  1.78046529e-04  2.49787708e-01  1.89049124e-01
  8.12997311e-02  4.55293030e-02  6.46229261e-02  3.98641785e-01
  1.49993001e-01  1.92219553e-01  3.12700333e-01  2.19218646e-01
  1.35372814e-01  3.16132990e-01  2.09238296e-01  2.28641724e-01
  4.56557899e-02 -1.10979472e-04  7.65092858e-02  6.28022124e-02
  6.86763784e-02  2.82390593e-01  5.79456323e-03 -1.22064280e-04
  1.28759065e-01 -4.43274929e-07 -1.74850084e-04  1.41841508e-04
  1.82302402e-01  1.85792981e-01  1.08324383e-01  3.91561971e-02
  3.43932069e-01 -6.63756549e-06  9.78463929e-02  2.16453379e-04
  2.23773436e-01  3.76336495e-01  2.51064786e-01  2.00682952e-01
  2.92127372e-01  4.00546188e-01  3.79136402e-01  2.15936747e-01
  4.21672985e-01  4.21028030e-01  4.37567414e-01  3.47268809e-01
  3.37258809e-01  3.42048851e-01  3.90091409e-01  2.56707933e-01
  2.72985504e-01  1.75656408e-01  1.92680045e-01  2.15344904e-01
  3.35840553e-01  1.80526061e-01  3.08388597e-01  3.56973035e-01
  1.90062802e-01  1.96587959e-01  5.57968803e-03  1.30014425e-04
  1.30812112e-01 -2.15527206e-04  8.13118573e-02  1.38130707e-01
  1.68626443e-02  1.92643182e-01  2.20796910e-01  1.36475163e-01
  1.64976331e-01  5.08584011e-02  2.31657693e-02  1.90155772e-01
  2.10357082e-01  5.15580647e-02  2.07693957e-01  1.57896843e-01
  7.88807864e-02  1.38117594e-01  3.33810067e-01  1.89108562e-01
  2.32045642e-01  1.50256623e-01  2.68841700e-01  2.91901925e-02
 -4.03740885e-04  1.62421805e-01  1.80450680e-01  1.85697220e-01
  1.42410321e-01  6.45410192e-02  2.37372873e-01  7.94710025e-02
  1.09049831e-01  2.27626585e-02  1.55408472e-01  2.56551014e-02
 -2.16267302e-04  1.29533020e-01  6.13054202e-02  1.44853504e-01
  1.74473597e-01  8.03463745e-02  2.14756221e-01  1.98546607e-01
  2.54650402e-01  2.04678727e-01  7.98970723e-02  2.91515194e-01
  2.30126205e-01  3.05518953e-01  1.99033710e-05  1.75483140e-01
  5.97788901e-02  9.45828914e-02  1.36550973e-01  6.13949143e-02
  1.46492244e-01 -3.74593507e-05  8.02766567e-02  1.59208540e-02
  1.96319243e-01  1.24626514e-01  1.40616772e-01  7.32000371e-02
  3.48557048e-01  3.12206805e-01  3.06286324e-01  3.22623514e-01
  1.50791807e-01  3.24554733e-01  3.53635138e-01  4.18179343e-01
  3.96323769e-01  4.51361132e-01  4.47058941e-01  1.35953098e-05
 -1.85610880e-01  1.86528873e-02  1.87341565e-01  8.20751763e-02
  1.88088770e-01  1.77098303e-01  1.41764496e-01  1.09037336e-02
 -1.11715404e-04  1.26088707e-01  2.09666145e-01  2.11597363e-01
  3.12324034e-01  2.93159398e-01  2.06282420e-01  1.01577425e-01
  6.55560281e-06  2.02792215e-01 -3.88047746e-04  1.83041853e-04
  3.57488208e-01 -3.28460376e-04  2.49698616e-02  8.94229493e-02
 -2.77850491e-04 -1.28189741e-01 -9.13106215e-02 -2.68021185e-01
 -2.18991544e-05 -2.24552044e-04  2.80283993e-04  2.40321061e-02
 -6.78098326e-06  7.51670188e-02  3.54370169e-05 -3.38222683e-01
 -5.02118523e-01  1.09640179e-01 -6.24522348e-05  3.24883532e-04
 -1.07476988e-04  1.10024506e-01 -6.15565440e-05  5.85614590e-02
  1.14813775e-04 -1.49886566e-01 -1.27052446e-04  6.54852857e-01
 -4.48210189e-04  2.69838446e-01  1.67112095e-01  2.55909163e-01
  3.22831247e-01  1.10762803e-01  2.41399157e-01  8.77040864e-02
  1.78460614e-01  2.71722067e-01  3.14297108e-01 -3.49964181e-04
  1.02145860e-01  3.10270696e-01  2.34952017e-01  1.59180927e-01
  2.38954286e-01  2.85999934e-01  3.49078428e-01  3.37376254e-02
  4.16934791e-04 -2.99145634e-04  4.54525039e-04  2.21921217e-02
  1.33865262e-01  3.38369251e-01  3.01571524e-01  3.30507063e-01
  3.59119732e-01  4.11241187e-01  4.26701784e-01  3.12341010e-01
  2.82785587e-01  8.09321670e-02  3.40594179e-01  4.22753832e-01
  2.69109822e-01  3.93397621e-01  2.38985965e-01  2.91555122e-01
  3.39430174e-01  2.08444239e-01  3.44437414e-01  2.38629221e-01
  1.23909799e-01  3.43376741e-01  2.71909100e-01  3.05565173e-01
  3.13733839e-01  1.41611658e-01  2.46911862e-01  1.57565812e-01
  1.08398125e-01  1.98712800e-01  7.87024102e-02  1.55878630e-01
  8.86773303e-02 -2.44846639e-04  1.67526869e-02 -1.32985553e-04
 -7.80944297e-05  4.88679756e-04 -8.25396571e-02 -1.92698591e-04
 -2.42679416e-02 -3.78513564e-02  7.39640125e-02 -2.13191277e-01
 -1.37012478e-01 -1.51767527e-01 -3.12855240e-01 -8.18704097e-02
 -3.58579055e-01 -3.58889084e-01 -6.51032142e-01 -7.89012194e-02
 -5.94667982e-02  8.32557300e-02  3.86600782e-04  3.49239095e-04
  2.91001505e-04  3.45356983e-01  2.17893183e-01  1.03942320e-04
 -5.86695116e-07  2.49930194e-01  2.79439497e-02  3.55223566e-04
  8.35850530e-02  2.22060712e-05  4.63124638e-02  1.31868148e-04
  1.30561048e-02  3.50549823e-02  6.31945906e-02  1.28942585e-01
  1.35625609e-01  1.71927944e-01  1.17725011e-01  1.46239243e-04
  2.60891093e-03  2.03593689e-01  3.27564308e-02  1.06846774e-01
  6.93447188e-05  1.22269437e-01  1.62663643e-01  1.05061189e-02
  5.34571787e-05  1.67673797e-01  1.30813311e-01  5.62797025e-02
  3.47805615e-04  2.36324623e-02  5.13370703e-02  2.00259687e-01
  9.52781889e-02  1.80282185e-01  7.40535997e-02 -5.20853023e-05
  2.84984487e-01  3.04036714e-01 -1.81875840e-04  3.65670935e-01
  4.07705447e-01  3.67311578e-01  1.41314470e-01  1.30571134e-01
  3.62162971e-01  2.44886086e-01  1.92399798e-01  2.63274423e-01
  1.51737896e-01 -1.41107673e-04  1.73041186e-01  1.37777369e-01
  4.46649320e-06  2.11101182e-02  5.88244812e-02  9.79374580e-02
  2.72335359e-02  9.64930331e-02  1.05439517e-01  9.94108013e-02
  5.81374143e-02  1.45837767e-01  1.48403867e-01  2.44051697e-01
  3.07527253e-01  1.95744393e-01  1.65233627e-01  1.89921725e-02
  2.50086301e-04  1.35030240e-01  1.34301750e-01  1.16083780e-01
  5.10527580e-02  2.12568568e-02  6.17178406e-02  7.18272449e-02
  3.30437579e-02  1.28574134e-01  1.47057455e-01  1.53516275e-01
  2.31182774e-01  2.03121314e-01  2.45665596e-01  1.28804749e-01
  1.27106856e-01  1.12747479e-01  6.63022005e-02  7.48335515e-02
 -4.11473147e-04  5.01679409e-02  2.59993493e-02  3.66490169e-02
  6.07361863e-02  2.08518330e-01  9.66580601e-03  2.40240562e-02
  4.61639917e-02 -3.24709765e-04  6.58994908e-02  8.60737001e-02
  7.51171425e-02  4.13008413e-05  1.76220644e-02  8.32602211e-02
  2.12607405e-01  6.74949909e-02  7.25573154e-02  4.47627197e-02
  1.11353142e-01  1.07183793e-01 -2.22296204e-04  5.27048025e-02
  8.64542809e-02  1.06878794e-01  7.42679470e-02  1.53236353e-01
  8.42431036e-02  5.29475375e-02  5.81422130e-02  6.38203578e-02
  5.49918857e-03  2.44593550e-04 -5.52995752e-05  9.17957610e-02
  1.18910846e-01  2.50727296e-01 -7.39666887e-05  2.91120241e-01
  2.70008314e-01  1.96753300e-01  2.23371615e-01  2.29470420e-01
  1.28769543e-01  1.26835267e-01 -1.58082019e-04 -3.32349657e-04
  1.83332638e-01  4.84996863e-02  2.53509185e-01  3.98402845e-02
 -1.85187792e-04  7.25692848e-02  6.99531355e-05  4.44171104e-02
  1.29465395e-01  2.54363424e-04  1.25795780e-01  1.83280855e-01
  1.25152986e-01  2.90875493e-01  9.25442119e-03 -9.86454099e-05
 -2.53344716e-04  2.23049042e-04 -6.20553759e-01 -1.32337548e-01
  1.72598198e-04 -7.97593145e-02 -8.81851237e-02 -3.16129087e-01
  3.48470760e-01 -8.58492655e-05 -1.69501558e-01 -4.34710240e-01
 -4.71291790e-02 -1.74540111e-04 -9.47990136e-06  8.70447853e-02
  1.81133216e-04 -3.47772433e-05  1.23671566e-04  3.33140739e-01
  5.40929895e-02 -1.94185207e-04  7.48486272e-03 -7.02111060e-05
 -4.17082662e-04 -2.88416829e-04 -1.52894361e-01 -5.54306576e-05
  4.68242337e-04 -1.31539438e-01  1.89183036e-01 -4.55434186e-01
 -5.92310537e-01 -6.68271275e-01 -6.67165522e-01 -6.06276085e-01
 -6.65806539e-01 -4.19597537e-01 -4.18860362e-01 -4.87086209e-01
 -2.94128444e-04  9.40892008e-02 -5.43499241e-06 -3.13449678e-01
 -1.69229785e-05  4.18877979e-04  1.03611099e-04  9.61799906e-02
 -3.83217005e-05  2.93508488e-01  2.36490120e-01  4.80922726e-04
  3.04797374e-01  2.59272898e-04 -2.13229599e-04 -2.39443945e-04
  2.89714265e-04 -9.57961017e-06  6.44422867e-06 -1.44949029e-01
 -5.96925483e-01 -6.25151008e-01 -6.68238160e-01  3.22949165e-01
 -6.67864907e-01 -4.72699529e-01 -4.78569146e-01 -6.62397290e-01
 -4.88887125e-01 -3.94596127e-02  5.08060126e-05 -7.72572026e-05
 -4.69051560e-04 -4.50744734e-04  3.40532549e-01  1.42364581e-04
 -7.58439441e-05  1.51205668e-01  2.17137495e-04 -1.60631339e-04
 -8.94336831e-05 -1.04264279e-05 -6.41935421e-01 -5.56184330e-01
 -1.29279878e-04  1.15514149e-02  2.67209253e-01 -1.97647401e-04
  4.38564818e-04  8.74154276e-05 -9.30556920e-02  1.59042575e-04
  9.79121941e-02  5.05580958e-02 -1.01118615e-04  1.41438546e-01
  1.70816675e-01  1.96252417e-01  2.25724737e-01  4.14705989e-04
  1.17722099e-01 -2.35156021e-04  1.80011604e-05  1.29423508e-01
  4.89577472e-02  5.64496334e-02 -3.23833164e-03  1.65639195e-01
  2.72804374e-01 -1.58655045e-04  1.70773757e-02  4.42645496e-02
 -2.19185729e-04  5.81693483e-05  2.13623351e-02  3.55705707e-01
  3.10820472e-01  7.64732215e-02  2.20361013e-02  2.33878510e-01
  6.12275108e-05 -1.10249664e-04  1.11487456e-01  2.96013200e-01
  2.64919209e-01  3.02656609e-01  2.74665792e-01  7.91837191e-05
  1.01016244e-01  1.10252896e-01  1.32820464e-01  2.68744051e-03
  1.19940151e-01  3.12512605e-04  8.43498320e-02  2.07265611e-05
  1.10664916e-04  8.73176566e-02 -3.26885212e-05 -1.01322000e-01
  4.78244388e-02  1.49530264e-01  2.95800087e-04 -2.65556392e-04
 -4.60693963e-04  9.50532591e-05 -1.32278020e-01  7.46860687e-05
 -2.22880815e-04 -5.34210675e-05  4.21222656e-04  1.52447494e-01
 -2.00976824e-04 -9.86083924e-05  1.18400496e-04  3.39672000e-04
 -3.18775714e-01  1.59087108e-02  1.58587193e-04 -4.67447676e-04
 -2.47702935e-04  3.08791922e-04 -1.06344917e-05  2.00672964e-02
  1.80839592e-05  1.72446291e-01 -9.88956762e-05 -1.99092942e-01
 -1.79042349e-04  8.38834075e-02  1.48210887e-01 -4.72571753e-04
 -2.29950657e-04 -3.73143445e-02  7.35014849e-02 -5.49213132e-02
 -6.32431289e-01 -6.10327835e-01 -6.09763379e-01  2.31139813e-04
  1.73320746e-06 -4.52781828e-01 -6.32203918e-01 -6.44979691e-01
 -5.78640954e-03  1.26013773e-01 -5.23275253e-01 -4.09898220e-01
 -4.10192178e-02 -6.35147082e-01 -6.51399972e-01 -6.37695363e-01
 -6.43738977e-01 -6.62739710e-01 -6.67865531e-01 -6.68271634e-01
 -6.30408136e-05  7.58580324e-02 -4.35685902e-04  7.63455367e-03
  2.45802565e-01  1.20444907e-01  1.73342280e-01  9.03631580e-02
  1.45156650e-01  3.32449447e-04  6.58800782e-02]
