param settings:OneClassSVM(cache_size=200, coef0=0.0, degree=3, gamma=0.2, kernel='rbf',
      max_iter=-1, nu=0.2, random_state=None, shrinking=True, tol=0.001,
      verbose=False)
cluster_thresh:
feature select:['ori']
precision: {'precision_b1': 0.3798, 'precision': 0.8502, 'acc': 0.7152, 'recall_b1': 0.5052, 'recall': 0.773, 'false_alert_b1': 0.6202, 'miss_alert_b1': 0.4948, 'false_alert': 0.14980000000000004, 'miss_alert': 0.22699999999999998, 'intersect_1': 545, 'intersect_b1': 98}
all_predict:
sum:899
1 class :641
[1, 4, 5, 7, 11, 13, 16, 17, 18, 19, 21, 22, 23, 25, 26, 27, 28, 29, 30, 31, 32, 33, 34, 36, 37, 39, 40, 43, 47, 50, 51, 52, 53, 54, 55, 56, 57, 58, 59, 60, 61, 62, 63, 64, 65, 66, 67, 68, 69, 70, 71, 72, 73, 74, 75, 76, 78, 79, 81, 82, 84, 85, 86, 87, 88, 90, 91, 92, 94, 95, 96, 97, 99, 101, 102, 103, 104, 105, 106, 107, 108, 109, 110, 112, 113, 114, 115, 116, 117, 118, 120, 121, 122, 123, 124, 125, 127, 128, 129, 130, 131, 132, 133, 134, 135, 136, 137, 138, 139, 140, 141, 142, 143, 144, 145, 146, 147, 148, 149, 150, 151, 152, 153, 154, 155, 156, 157, 158, 159, 160, 161, 162, 163, 164, 165, 166, 167, 168, 169, 170, 171, 172, 173, 174, 175, 176, 177, 178, 179, 180, 181, 182, 183, 184, 185, 186, 187, 188, 189, 190, 191, 192, 193, 194, 195, 196, 197, 198, 199, 209, 210, 212, 215, 216, 217, 218, 221, 222, 223, 225, 226, 228, 230, 231, 232, 234, 236, 237, 238, 239, 241, 242, 243, 244, 247, 248, 250, 251, 252, 253, 254, 255, 256, 257, 258, 259, 262, 263, 267, 270, 271, 272, 273, 274, 275, 276, 277, 278, 279, 280, 281, 282, 283, 284, 285, 286, 287, 288, 289, 290, 294, 295, 296, 297, 298, 299, 300, 301, 302, 303, 304, 305, 308, 309, 313, 316, 317, 318, 319, 320, 323, 324, 325, 326, 327, 328, 329, 330, 331, 332, 333, 334, 335, 336, 337, 338, 339, 340, 343, 345, 346, 348, 349, 351, 352, 353, 354, 355, 356, 358, 359, 364, 365, 368, 369, 371, 374, 375, 378, 381, 382, 383, 384, 385, 386, 387, 388, 389, 390, 391, 392, 393, 394, 395, 396, 397, 398, 399, 400, 401, 402, 403, 404, 405, 406, 407, 408, 409, 410, 411, 412, 413, 414, 415, 416, 417, 418, 419, 420, 421, 422, 423, 424, 425, 426, 427, 428, 429, 430, 431, 432, 433, 434, 435, 436, 437, 438, 439, 440, 441, 442, 443, 444, 445, 446, 447, 448, 449, 450, 451, 452, 453, 454, 455, 456, 457, 458, 459, 460, 461, 462, 463, 464, 465, 467, 470, 471, 472, 473, 475, 477, 480, 482, 489, 491, 493, 497, 498, 500, 504, 505, 506, 509, 512, 513, 515, 516, 517, 518, 519, 520, 521, 522, 523, 525, 526, 527, 529, 530, 531, 532, 533, 534, 535, 536, 538, 539, 540, 541, 542, 543, 544, 545, 546, 547, 548, 550, 551, 552, 553, 558, 560, 561, 566, 568, 569, 573, 574, 575, 581, 582, 590, 591, 592, 593, 594, 595, 596, 597, 598, 599, 600, 602, 603, 604, 609, 610, 611, 612, 613, 614, 615, 616, 617, 618, 620, 622, 623, 624, 625, 626, 627, 628, 629, 630, 631, 632, 633, 634, 635, 636, 637, 638, 639, 640, 641, 642, 643, 644, 645, 646, 647, 648, 649, 650, 651, 652, 653, 654, 655, 656, 657, 658, 659, 660, 661, 662, 663, 664, 665, 666, 668, 669, 670, 671, 672, 673, 674, 675, 676, 677, 678, 679, 680, 681, 682, 683, 684, 685, 686, 687, 688, 689, 690, 691, 692, 693, 694, 695, 696, 697, 698, 699, 700, 701, 702, 703, 704, 705, 706, 708, 709, 710, 711, 712, 714, 715, 717, 719, 721, 725, 726, 727, 736, 739, 740, 741, 742, 744, 745, 748, 749, 754, 755, 757, 765, 766, 767, 768, 770, 772, 776, 777, 780, 781, 783, 785, 787, 788, 790, 791, 795, 802, 804, 805, 806, 807, 808, 809, 811, 812, 817, 818, 819, 821, 822, 824, 825, 826, 827, 828, 829, 830, 832, 833, 834, 835, 837, 838, 840, 841, 843, 846, 847, 851, 853, 855, 857, 859, 864, 885, 886, 887, 888, 890, 892, 893, 894, 895, 897, 898]
-1 class :258
[2, 3, 6, 8, 9, 10, 12, 14, 15, 20, 24, 35, 38, 41, 42, 44, 45, 46, 48, 49, 77, 80, 83, 89, 93, 98, 100, 111, 119, 126, 200, 201, 202, 203, 204, 205, 206, 207, 208, 211, 213, 214, 219, 220, 224, 227, 229, 233, 235, 240, 245, 246, 249, 260, 261, 264, 265, 266, 268, 269, 291, 292, 293, 306, 307, 310, 311, 312, 314, 315, 321, 322, 341, 342, 344, 347, 350, 357, 360, 361, 362, 363, 366, 367, 370, 372, 373, 376, 377, 379, 380, 466, 468, 469, 474, 476, 478, 479, 481, 483, 484, 485, 486, 487, 488, 490, 492, 494, 495, 496, 499, 501, 502, 503, 507, 508, 510, 511, 514, 524, 528, 537, 549, 554, 555, 556, 557, 559, 562, 563, 564, 565, 567, 570, 571, 572, 576, 577, 578, 579, 580, 583, 584, 585, 586, 587, 588, 589, 601, 605, 606, 607, 608, 619, 621, 667, 707, 713, 716, 718, 720, 722, 723, 724, 728, 729, 730, 731, 732, 733, 734, 735, 737, 738, 743, 746, 747, 750, 751, 752, 753, 756, 758, 759, 760, 761, 762, 763, 764, 769, 771, 773, 774, 775, 778, 779, 782, 784, 786, 789, 792, 793, 794, 796, 797, 798, 799, 800, 801, 803, 810, 813, 814, 815, 816, 820, 823, 831, 836, 839, 842, 844, 845, 848, 849, 850, 852, 854, 856, 858, 860, 861, 862, 863, 865, 866, 867, 868, 869, 870, 871, 872, 873, 874, 875, 876, 877, 878, 879, 880, 881, 882, 883, 884, 889, 891, 896, 899]

score : [ 3.10439267e-05 -9.75818353e-06 -3.00189144e-05  1.83641820e-01
  1.47880872e-01  1.11533025e-01  1.01580738e-01  1.79329408e-01
  1.13194119e-01  1.26127555e-01  1.19382686e-01  1.34483374e-01
  1.14829344e-06  4.22923650e-02 -3.59283341e-04  2.68864105e-01
  1.72098642e-04  1.96868846e-01  7.24801436e-02  1.32165381e-01
  2.14713671e-01  3.39887819e-01 -2.67863683e-04 -2.13468072e-04
  2.59096105e-01  1.25463576e-01  1.12491635e-01  1.82288706e-01
  3.50436662e-02  2.05461134e-01 -4.28863795e-05  2.03176076e-01
  6.73196768e-02  3.57037811e-01  7.73668489e-05  3.27460553e-01
  2.69554500e-04  1.62384036e-01  1.40192599e-01  1.44202944e-01
  1.35343074e-01  1.50196258e-01  1.23974265e-02  3.27803143e-02
  1.57260704e-01 -4.49161893e-04  7.75723163e-02  1.16319287e-01
  2.61512258e-01  1.33590713e-01  2.76330141e-01  2.64917194e-01
  9.62612434e-02  3.89319973e-01  2.19606103e-01  1.23102094e-01
 -4.23987982e-05  1.48868259e-01  1.26851606e-04  6.54470561e-02
  1.49595972e-02  2.35284501e-01  3.94666264e-01  2.59088269e-01
  1.40241552e-01  9.10766542e-02  4.32902107e-01  4.90443062e-02
  2.05771399e-01  3.98206392e-01  6.13638366e-01  4.58124283e-01
  4.77158198e-01  4.57307400e-01  4.54916514e-01  2.65063736e-01
  4.56635564e-01  2.56690015e-01  7.68763950e-02  5.02900706e-01
  3.36794950e-01  4.88023341e-01  4.13905656e-01  5.36784885e-01
  2.72521575e-01  5.02698381e-01  3.99003803e-01  5.54916916e-01
  5.35516124e-01  5.94323585e-02  5.34932426e-01  2.65840998e-01
  3.12923328e-01  3.81725767e-01  2.04673167e-01  2.75616802e-01
  3.39210257e-01  4.79419500e-01  3.79147545e-01  4.56074849e-01
  3.86165244e-05  3.47082941e-01  3.17683964e-01  2.18957404e-01
  3.62560410e-01  1.77063913e-01  1.92513625e-01  1.86365142e-01
  1.09066800e-01  2.85887717e-04  4.02590030e-04 -2.96824731e-05
 -4.08994719e-04 -6.94809883e-05 -5.17156245e-05 -2.04218063e-04
 -3.71625307e-04 -1.03855765e-04 -4.30357568e-04 -6.52845667e-05
 -1.40208509e-04 -2.16691700e-05  4.89292185e-05  7.49162859e-02
  1.96750843e-05 -3.21394379e-04  3.83920532e-04 -7.21721283e-05
 -6.82205746e-05  1.47366881e-02  2.54225497e-02  1.76117588e-02
  2.22350215e-03 -1.22587977e-04  4.92905228e-02 -2.37622704e-04
  1.03170671e-02  1.07571331e-02  5.00043592e-04 -9.42162193e-05
  2.58669972e-04  5.25096611e-04 -3.63802754e-04  5.29116078e-04
 -2.29268788e-04  1.02308148e-01  1.48720508e-05  3.50082673e-04
  1.32504161e-05 -8.01492836e-05  4.84470186e-04 -2.05922939e-05
  9.58210342e-05  9.59141860e-05  3.40079991e-04  2.60911365e-04
 -3.35710217e-04 -1.04255415e-04  3.41159034e-05  5.09085503e-04
  3.28738181e-04  1.11751696e-05 -7.46716276e-05 -2.13569698e-04
  2.38824208e-02  7.68753012e-03 -7.81109058e-06  4.85049218e-02
  1.21725411e-02  4.13042890e-02  4.28845808e-02  3.37751925e-02
  2.93414699e-02  2.76796953e-02  2.79375492e-02  2.17581447e-02
  1.33062986e-02  3.19700849e-03  1.63613450e-02 -7.31646234e-05
 -4.32228959e-04  2.11719647e-04  6.97848620e-05 -3.63369113e-05
 -8.40061640e-05 -3.50552431e-04  1.06346308e-05 -3.39812469e-04
 -1.69511507e-04  4.55820748e-01  4.71387950e-02  6.10887404e-02
  6.22917457e-02  8.38635361e-02  1.42198290e-01  3.52397495e-01
  2.01317378e-01  3.10291472e-01  2.17923027e-01  5.10002012e-04
  4.35319839e-01  2.08812166e-01  2.58300380e-02  9.74312881e-03
  3.16069314e-01  2.93738276e-01  2.77663073e-02  3.91116820e-01
  1.48333622e-01  3.05126917e-05  6.00354690e-02  3.56797456e-01
  6.13382149e-05 -1.20096189e-04 -1.13917961e-04 -1.13879227e-04
  3.42258928e-01  3.31610115e-01  2.39590744e-01  1.51486474e-01
  2.10059141e-01  1.01374389e-01 -4.30357178e-04  6.32277288e-02
  1.16197690e-01  3.61056910e-01  3.56922590e-01  3.39153269e-01
  7.13891756e-02  1.68582501e-01 -2.94948278e-04 -1.31207325e-04
  8.41047271e-02  3.95715256e-04  2.42844688e-02 -4.34638168e-04
 -3.67423158e-04 -4.21315446e-04  5.08007831e-02 -8.17585789e-05
 -2.11781580e-04  5.22325778e-02  8.38056547e-02  4.11690334e-04
  4.06340000e-02  2.46213440e-04  6.14759499e-02 -2.39146768e-05
 -1.76167602e-04  5.50633746e-02  5.59066665e-02  9.24266012e-05
  2.01166896e-01  7.18891081e-02  1.97822845e-01  5.76865355e-02
  2.48169749e-04  1.32178170e-05  1.86747898e-01  7.85473089e-05
  1.53948241e-01  1.20464251e-01  1.25684848e-01  2.06513828e-01
  3.70794627e-05  1.97827322e-04  5.33281871e-02  3.69798885e-05
  1.00657341e-04 -1.30746265e-04 -1.88328744e-04  6.65422565e-02
 -1.50971106e-04  3.85233539e-05  2.48732382e-04 -3.00398271e-04
  2.09470940e-04  4.43501723e-04 -1.55366571e-04 -3.52912438e-05
  1.74671963e-01  1.04388842e-02  2.02161850e-01  2.37460491e-02
  1.27012942e-04  1.01001028e-04 -4.09858477e-05  1.40272362e-04
  2.50414536e-04  1.24371072e-05 -2.39033808e-04 -2.10189921e-04
 -3.68089093e-05 -1.34498827e-05  4.09571123e-05  2.54759612e-04
 -1.48789993e-04 -1.81607342e-05  4.91488607e-05  1.39635756e-04
  3.95582142e-04 -1.72035075e-04  5.62337456e-06 -3.46738621e-05
 -3.66326620e-05  4.49013582e-04  5.87967506e-05 -1.07723126e-04
 -1.59789604e-06  5.85118639e-05 -5.83196245e-05 -7.50141058e-05
 -4.15497299e-04  4.40118152e-04  9.74531490e-05  6.76878884e-02
  1.28033102e-01  2.52738719e-01  2.65274156e-01  1.91297849e-01
  9.82333168e-02  2.30600195e-01  2.26861480e-04  1.37505775e-04
  2.67727687e-01  4.85783032e-01  1.28907022e-01  1.55647763e-01
  2.02834276e-01  2.88871772e-01  2.53536716e-01  1.35654749e-01
  2.27645736e-01  4.78083889e-04  6.97367739e-05  3.93439140e-01
  5.42584760e-01  4.56407503e-01  4.01323244e-01  5.59913892e-01
  4.95352897e-01  4.47459057e-01  2.73012555e-01  3.99466334e-01
  4.30679085e-01 -2.45760168e-04  4.68599751e-01  2.89007363e-01
  2.67842639e-01  2.75531628e-01  4.30380067e-01  5.01587695e-01
  3.45875581e-01  5.18188089e-01  3.92840464e-01  3.99419048e-01
 -2.13379167e-04  3.30571550e-01  3.76724515e-01  2.56848919e-01
  4.00296604e-01  5.04851263e-01  3.60984678e-01  3.93497915e-01
  3.05027255e-01  3.60940959e-01  2.81437986e-01  2.83712877e-04
  3.93898225e-01  2.57220215e-01  3.10823454e-01  2.88745325e-01
  2.42912413e-01  2.77106698e-01  1.05339492e-01  2.20780660e-01
  2.36601176e-01  3.81067299e-01 -3.34695519e-05  4.04452295e-01
  3.31771563e-01  5.89225246e-05  1.74867665e-04  6.97467257e-02
  1.83992187e-01  1.46174367e-05  1.86862625e-02  2.92219359e-01
  3.02397879e-01 -1.58410401e-04  3.73757708e-01  2.65689433e-01
  3.91644818e-01  4.98508869e-01  3.96523922e-01  4.77027651e-01
  3.90784944e-01  3.91392061e-01  3.79714507e-01  3.83458292e-01
 -1.19712728e-04  4.09191714e-01  4.02440719e-01  3.80701086e-01
  3.57719488e-01  3.23636975e-01  2.47992880e-01 -1.95350479e-04
  3.10077321e-05 -2.70041749e-04 -4.41305538e-04  4.69407045e-04
  7.10904877e-03  1.21962591e-02  8.91283136e-03  1.37885276e-04
 -2.42201648e-04  1.93602011e-02 -4.53980640e-04  3.64466202e-02
 -4.21466112e-04 -3.36261922e-04 -4.76129195e-06  3.36694516e-04
 -3.88467384e-05  2.88481205e-04 -1.55374606e-05 -2.16240236e-04
 -1.12121215e-04 -5.98246616e-05 -5.98247610e-05 -6.04988590e-05
  3.56812716e-04 -2.71194728e-04 -2.62825336e-04  5.27571615e-04
 -1.95615688e-05  1.78556104e-04 -9.40858835e-05 -1.80664183e-04
 -3.04403661e-05  8.81160360e-05  1.62674548e-04 -5.09701511e-05
  5.28908242e-04  1.48846918e-05  6.62739110e-05 -1.04419932e-04
 -2.46202397e-04 -3.68145208e-05  1.17256483e-05  3.18163649e-04
  2.87102200e-05 -1.05778394e-04 -9.17172500e-05  4.78384433e-05
  1.69535241e-04 -2.69901947e-05 -2.27106035e-05  3.48744639e-05
  4.69552609e-04 -1.56332293e-04  1.32159698e-01  1.01968323e-01
  1.59289962e-01  1.53826779e-01  2.98512155e-01  7.26549820e-06
  9.76081842e-05  8.00420083e-02  5.10860542e-04  7.73121794e-03
 -8.03799634e-05  2.28841599e-01  1.64417826e-01  1.92560594e-02
 -2.30742905e-04  1.65024028e-01  1.23102293e-04  2.15282819e-01
  3.86112757e-03  1.85250981e-02  3.81090230e-01  3.11274272e-01
  3.74168082e-01  3.80517996e-05 -3.63172027e-04  2.34459133e-04
  3.09216238e-05  1.49455766e-05  2.32315435e-04  4.35793602e-05
  2.25623047e-04  6.88167891e-06  3.18788810e-01  5.55537487e-05
  9.53278482e-02  2.56437474e-01  1.28669102e-01 -3.44580059e-04
  2.19730985e-04  1.77257535e-04  1.26997116e-01  6.77583018e-05
  2.10839778e-02 -1.19039395e-05 -2.07015111e-04 -9.54101199e-06
 -1.31734271e-05  9.57115535e-02 -1.35512009e-04  1.65983662e-01
  3.55006167e-02  3.01911192e-04 -8.12453444e-06 -8.88067616e-05
 -8.86383840e-05 -7.21989982e-05  5.27775009e-04 -1.02350966e-04
  1.26442866e-04  1.49304078e-04  3.37315919e-02 -3.12213418e-05
 -1.37507848e-04 -3.72471689e-04  4.08321709e-05  4.23395286e-05
  4.44546929e-05 -1.30978824e-04 -3.72671111e-05 -1.04924476e-04
 -1.78084422e-04  2.62936425e-01 -2.22604574e-05  1.85710958e-04
  8.38215688e-05 -1.66348117e-05 -1.57248289e-04 -4.17979395e-05
 -2.56089411e-05 -4.39915552e-04 -1.84239441e-04 -3.04129969e-04
  1.51629303e-01  1.36652318e-01  1.44540408e-01  6.75948925e-02
  2.01043825e-01  8.96884491e-03  3.02792397e-02  1.52222717e-02
  3.41707461e-05  1.66336192e-04  1.01074115e-01 -9.83711393e-05
  8.94447442e-02  6.50722335e-05 -1.41651665e-04  1.28573311e-01
  1.32905784e-01  2.26864244e-01 -3.24063704e-05 -3.02467852e-05
 -1.23074553e-04 -2.44536801e-04  2.90021924e-04  3.11907945e-01
  7.02770066e-02  3.06994537e-04  1.90090058e-04  7.16700587e-03
  1.63706411e-01  6.79150191e-05  1.49609870e-01  3.16491760e-01
  5.63369653e-02 -4.04885652e-04  1.94594285e-01  1.95875429e-05
 -3.11359417e-04  1.55622771e-01  3.77260265e-01  3.86941911e-01
  3.01414135e-01  3.03145174e-01  1.15335612e-01  1.02344876e-02
  2.46886590e-01  1.64591252e-01  2.36681835e-01  1.74252505e-01
  2.76404075e-01  3.37780159e-01  9.63710737e-02  2.26645067e-01
  3.37130237e-01  3.22361738e-01  3.24629071e-01  2.35156268e-01
  2.57818973e-01  2.23809423e-01  2.23444450e-01  1.23063250e-01
  1.10388164e-01  2.18957357e-01  2.34851222e-01  2.95876836e-01
  3.57799359e-01  1.98876425e-01  2.72233426e-01  2.09805045e-01
  2.65418356e-01  3.64557245e-01  2.85468777e-01  3.91248695e-01
  2.30298741e-01  1.94361027e-01  2.51736528e-01  2.94519881e-01
  1.74741245e-01  1.78914313e-01  4.69112091e-01  1.03885654e-01
  1.60320881e-01  2.41120316e-01  3.12711008e-01  4.24082346e-01
  3.89113890e-01  1.96999654e-01 -3.30065078e-05  1.45219020e-01
  3.01070378e-01  8.45609123e-02  1.87840144e-01  2.94161476e-01
  2.09579984e-01  2.57663659e-01  2.36469137e-01  1.76129745e-01
  2.24119503e-01  2.07252209e-01  1.59967579e-01  9.40211432e-02
  3.99579887e-01  1.73072312e-02  1.86414977e-02  1.32026020e-01
  2.04099140e-01  2.57008495e-01  2.11439667e-01  1.81857046e-01
  1.84347413e-01  1.99636257e-01  5.07574728e-04  2.67473183e-01
  1.10466341e-01  6.66833010e-02  2.56460529e-02  3.56935983e-05
  2.21510018e-04  1.80180320e-04  1.15490528e-04  1.07599333e-02
  5.05393649e-04  1.83676195e-04  3.15921610e-05  3.12752224e-01
  1.71467591e-01  1.45970022e-01  3.81161192e-01  3.64526045e-01
  5.05738548e-01  3.69343496e-01  1.32967645e-04 -2.14760406e-04
  1.43088400e-04  4.35791085e-05  3.22678647e-01  3.91534870e-02
  1.23775593e-04  1.86530661e-04 -4.30897815e-05  1.37579323e-04
  1.89822726e-02 -5.68052471e-05  2.84666697e-05 -4.79472942e-05
  1.29750398e-04  6.40491346e-01 -2.38370055e-04  2.72703665e-04
 -1.17872748e-04 -6.35267295e-05 -1.98649569e-05  1.47787223e-04
  4.67537090e-04  1.48722712e-05 -1.40037524e-06 -3.60825807e-04
  3.03882695e-01 -1.63668006e-05 -1.03597311e-04 -1.44818956e-04
 -2.19767367e-04 -3.93991987e-05 -1.92665846e-04  5.12977868e-05
 -9.41996151e-05 -3.95934822e-05  3.02822152e-05  2.55867096e-01
  1.22662085e-04  5.25066826e-04  2.63033041e-04 -3.69823308e-05
  1.78640708e-04  4.57618421e-06 -2.66426651e-04 -6.47141517e-05
  1.82210371e-04  2.53819900e-04  3.56233911e-01 -3.26425831e-05
 -1.62942727e-04 -1.86139629e-04 -2.27051217e-05  2.71003272e-04
  1.25314999e-05 -2.42615365e-04  3.67675351e-05 -3.13001325e-04
 -2.62636952e-04  2.07226233e-01 -1.48098191e-04 -7.91760422e-05
 -2.37885080e-04 -2.00716151e-04 -9.18200563e-05  3.59698169e-04
  3.70170095e-04  2.59003844e-04  1.51857402e-04 -5.15515349e-05
 -7.43685306e-05  1.11524546e-04 -1.65497279e-04  2.50556280e-05
 -9.54043502e-06 -1.31354225e-05 -4.24798814e-04  1.04810049e-05
  1.14135236e-05 -2.58221197e-05 -1.95615688e-05  1.13520172e-01
  2.47803777e-04  1.86385059e-04 -1.11701691e-05  3.84644059e-04
 -6.62136019e-05  9.63763798e-05 -4.39526419e-04  1.49676345e-02
  9.61359974e-06 -2.26348794e-04  1.85595659e-04  1.40736916e-04
  2.04471035e-05 -8.59701347e-05 -3.45790332e-04 -9.32766176e-05
  1.47664118e-04 -1.35356147e-04 -1.23669978e-04 -6.76718316e-05
 -6.69879693e-05 -1.67149255e-04 -1.03845841e-05 -2.53557695e-05
 -3.85304172e-05  1.49834266e-04 -2.31150342e-04  1.85449675e-05
  1.80767778e-04  1.14745721e-04  2.20893932e-01  9.51074496e-04
  1.06427365e-01  9.04138553e-02 -3.12836138e-04  1.13572759e-04
  8.47719915e-07 -2.93386824e-04 -5.73360783e-06 -1.13298757e-04
 -5.27462469e-05  8.19160948e-05  2.79571850e-01  3.02706627e-01
  5.86442375e-05 -2.85906908e-04  1.17142721e-05  5.14089805e-04
 -7.30168870e-05  2.06316562e-04  1.42534234e-04  3.54888894e-04
  3.46889925e-04  1.86113716e-02  1.29313975e-02 -1.93411457e-04
  2.88528615e-04 -2.29428179e-05  5.98390238e-05  1.21792352e-01
  7.71107375e-02  3.58753054e-04 -4.37714144e-04  5.21223377e-05
  3.30879122e-05 -8.30238224e-05  1.54241985e-01  3.99123271e-06
  4.78697810e-04 -3.05045693e-04  2.92909878e-04 -8.19821090e-05
 -8.19910591e-05  8.87099527e-05  3.01864721e-04 -2.74190908e-04
 -8.83886618e-05  4.39480721e-02 -1.62662365e-04  1.71430540e-05
 -1.01543838e-04  6.33246770e-05 -1.50122007e-04  2.73972408e-05
 -5.75071374e-05  2.15057989e-04 -3.84521677e-05  7.12067508e-05
  3.53261978e-02 -1.77377492e-04 -4.45053187e-04 -3.99773617e-04
 -2.39195351e-04  4.08677371e-04 -1.48450532e-05 -1.13667005e-04
 -4.26166466e-05 -2.93625497e-05 -9.78900981e-05  1.62484777e-01
 -3.70846278e-05 -7.72505837e-05 -1.58305337e-04 -1.60880955e-05
 -1.46426291e-04 -8.45358129e-05 -1.93416541e-04 -8.57419339e-06
 -9.99426336e-05 -1.70430995e-04  3.65453635e-04 -2.77377359e-04
 -1.61916388e-05 -1.44161299e-04 -1.80280056e-05 -2.58404602e-04
  6.09537668e-05  2.01302402e-04  2.18304576e-05  4.25141816e-04
 -1.86089521e-04 -3.32148231e-04  2.79751382e-04 -1.46174818e-05
  2.67687945e-05  1.99589914e-04  2.01261471e-04  2.43479690e-04
 -3.06282834e-04  5.08435429e-05  4.25261094e-04 -4.67331835e-05
 -3.72056659e-05  1.84371052e-02  1.91391384e-01  8.37833571e-02
 -3.05305360e-04  1.62578015e-01  1.62542396e-04  1.31224623e-01
  3.18852447e-04 -4.95028761e-05  6.65574604e-05]
