param settings:LocalOutlierFactor(algorithm='auto', contamination=0.2, leaf_size=30,
          metric='minkowski', metric_params=None, n_jobs=None,
          n_neighbors=35, novelty=False, p=2)
cluster_thresh:
feature select:['gab']
precision: {'precision_b1': 0.4778, 'precision': 0.8498, 'acc': 0.7753, 'recall_b1': 0.4433, 'recall': 0.8667, 'false_alert_b1': 0.5222, 'miss_alert_b1': 0.5567, 'false_alert': 0.1502, 'miss_alert': 0.13329999999999997, 'intersect_1': 611, 'intersect_b1': 86}
all_predict:
sum:899
1 class :719
[7, 8, 9, 10, 11, 14, 15, 16, 17, 18, 19, 20, 21, 22, 23, 24, 25, 26, 27, 28, 29, 30, 31, 32, 33, 34, 35, 36, 37, 38, 39, 40, 41, 42, 43, 44, 45, 46, 47, 48, 49, 50, 51, 52, 53, 54, 55, 56, 57, 58, 59, 60, 61, 62, 63, 64, 65, 66, 67, 68, 69, 70, 71, 72, 73, 74, 75, 76, 77, 78, 79, 80, 81, 82, 83, 84, 85, 86, 87, 88, 89, 90, 91, 92, 93, 94, 95, 96, 97, 100, 101, 102, 103, 104, 105, 106, 107, 108, 109, 110, 111, 112, 113, 114, 118, 119, 120, 121, 122, 123, 124, 125, 126, 127, 128, 129, 130, 131, 132, 133, 134, 135, 136, 137, 138, 139, 140, 141, 142, 143, 144, 145, 146, 147, 148, 149, 150, 151, 152, 153, 154, 155, 156, 157, 158, 159, 160, 161, 162, 163, 164, 165, 166, 167, 168, 169, 170, 171, 172, 173, 174, 175, 176, 177, 178, 179, 180, 181, 182, 183, 184, 185, 186, 187, 188, 189, 190, 191, 192, 193, 196, 197, 199, 200, 201, 202, 209, 210, 214, 215, 216, 217, 218, 219, 220, 221, 222, 223, 224, 225, 226, 227, 228, 229, 230, 231, 232, 236, 245, 246, 247, 248, 249, 250, 251, 252, 269, 270, 271, 272, 273, 274, 275, 276, 277, 278, 279, 280, 281, 282, 283, 284, 285, 286, 287, 288, 289, 290, 291, 292, 293, 294, 295, 296, 297, 298, 299, 300, 301, 302, 303, 304, 305, 306, 307, 308, 309, 310, 311, 312, 313, 314, 315, 316, 317, 318, 319, 320, 321, 322, 323, 324, 325, 326, 327, 328, 329, 330, 331, 332, 333, 334, 335, 336, 337, 338, 339, 340, 341, 342, 345, 346, 347, 348, 349, 350, 351, 352, 353, 354, 355, 356, 357, 358, 359, 360, 361, 362, 363, 364, 365, 366, 367, 368, 369, 370, 371, 372, 373, 374, 375, 376, 377, 378, 379, 380, 381, 382, 383, 384, 385, 386, 387, 388, 389, 390, 391, 392, 393, 394, 395, 396, 397, 398, 399, 400, 402, 403, 404, 405, 406, 407, 408, 409, 410, 411, 412, 413, 414, 415, 416, 417, 418, 419, 420, 421, 422, 423, 424, 425, 426, 427, 428, 429, 430, 431, 432, 433, 434, 435, 436, 437, 438, 439, 440, 441, 442, 443, 444, 445, 446, 447, 448, 449, 450, 451, 452, 453, 454, 455, 456, 457, 458, 459, 460, 461, 462, 463, 464, 465, 468, 469, 470, 471, 472, 473, 474, 475, 476, 477, 478, 479, 480, 481, 482, 484, 485, 487, 503, 509, 515, 516, 517, 518, 519, 520, 521, 522, 523, 524, 525, 526, 527, 528, 529, 530, 531, 532, 533, 534, 535, 536, 537, 538, 539, 541, 542, 543, 544, 545, 546, 547, 548, 549, 550, 551, 552, 553, 554, 555, 556, 557, 558, 559, 560, 561, 562, 563, 564, 565, 580, 587, 588, 589, 590, 591, 592, 593, 594, 595, 596, 597, 598, 599, 600, 601, 602, 603, 604, 605, 606, 607, 608, 609, 610, 611, 612, 613, 614, 615, 616, 617, 618, 619, 620, 621, 622, 623, 624, 625, 626, 627, 628, 629, 630, 631, 632, 633, 634, 635, 636, 637, 638, 639, 640, 641, 642, 643, 644, 645, 646, 647, 648, 649, 650, 651, 652, 653, 654, 655, 656, 657, 658, 659, 660, 661, 662, 663, 664, 665, 666, 667, 668, 669, 670, 671, 672, 673, 674, 675, 676, 677, 678, 679, 680, 681, 682, 683, 684, 685, 686, 687, 688, 689, 690, 691, 692, 693, 694, 695, 696, 697, 698, 699, 700, 701, 702, 703, 704, 705, 706, 707, 708, 709, 712, 713, 717, 718, 750, 751, 752, 753, 754, 755, 756, 757, 758, 759, 760, 761, 762, 763, 764, 765, 766, 767, 768, 769, 770, 771, 772, 774, 775, 776, 777, 778, 779, 780, 781, 783, 785, 786, 798, 799, 800, 801, 802, 803, 804, 805, 806, 807, 808, 809, 810, 811, 812, 813, 814, 815, 816, 817, 818, 819, 820, 821, 822, 823, 824, 825, 826, 827, 828, 829, 830, 831, 832, 833, 834, 835, 836, 837, 838, 839, 840, 842, 843, 867, 868, 869, 870, 871, 873, 874, 875, 876, 877, 878, 879, 880, 881, 882, 883, 884, 885, 886, 887, 888, 889, 890, 891, 892, 893, 894, 895, 896, 897, 898, 899]
-1 class :180
[1, 2, 3, 4, 5, 6, 12, 13, 98, 99, 115, 116, 117, 194, 195, 198, 203, 204, 205, 206, 207, 208, 211, 212, 213, 233, 234, 235, 237, 238, 239, 240, 241, 242, 243, 244, 253, 254, 255, 256, 257, 258, 259, 260, 261, 262, 263, 264, 265, 266, 267, 268, 343, 344, 401, 466, 467, 483, 486, 488, 489, 490, 491, 492, 493, 494, 495, 496, 497, 498, 499, 500, 501, 502, 504, 505, 506, 507, 508, 510, 511, 512, 513, 514, 540, 566, 567, 568, 569, 570, 571, 572, 573, 574, 575, 576, 577, 578, 579, 581, 582, 583, 584, 585, 586, 710, 711, 714, 715, 716, 719, 720, 721, 722, 723, 724, 725, 726, 727, 728, 729, 730, 731, 732, 733, 734, 735, 736, 737, 738, 739, 740, 741, 742, 743, 744, 745, 746, 747, 748, 749, 773, 782, 784, 787, 788, 789, 790, 791, 792, 793, 794, 795, 796, 797, 841, 844, 845, 846, 847, 848, 849, 850, 851, 852, 853, 854, 855, 856, 857, 858, 859, 860, 861, 862, 863, 864, 865, 866, 872]

score : [-2.47594818 -1.04594648 -1.31712913 -1.18216344 -1.10693963 -1.04481591
 -1.04033656 -1.00612397 -1.02455261 -1.01641478 -1.03154009 -1.0657221
 -1.03264129 -1.18152896 -1.26683017 -1.20542661 -1.25004804 -1.34556026
 -1.46760201 -1.43192434 -1.4700047  -1.1429222  -1.17519366 -1.42176539
 -1.1115808  -1.34259266 -1.13601062 -1.12261593 -1.09919263 -1.07868993
 -1.01711229 -1.02057282 -1.00595948 -1.0156317  -1.53379022 -1.01870302
 -1.07216483 -1.09176413 -1.0197253  -1.01988633 -1.02101283 -1.0125218
 -1.06218686 -1.03832246 -1.06383489 -1.41117771 -1.05020554 -1.07391492
 -1.03857493 -1.04522783 -1.05031508 -1.00879934 -1.0050418  -1.01048528
 -1.01609816 -1.02980327 -1.15240535 -0.99266275 -0.9824492  -0.99757675
 -1.02000733 -1.00836961 -1.01364985 -0.99573055 -0.99622313 -0.99288959
 -0.97932583 -1.0977635  -0.98851049 -0.99394573 -0.98477216 -0.98562813
 -0.98270678 -0.97667592 -0.97903696 -0.98183206 -0.98589915 -0.98578908
 -1.12072194 -0.98722915 -0.99149158 -0.98576031 -0.98205442 -0.98372398
 -0.98308359 -0.98467283 -0.98549456 -0.98595432 -0.98511065 -1.174755
 -0.98305872 -0.99218294 -0.98062046 -0.98967674 -0.97634433 -0.99028929
 -0.99175919 -1.00244896 -0.98754334 -0.98525024 -1.11028031 -0.98393663
 -1.21968687 -0.9984711  -0.99105242 -1.41911261 -1.57985529 -1.21007892
 -1.17483329 -1.44482124 -1.27573095 -2.39968234 -1.06934299 -1.3864032
 -1.33579961 -1.40403284 -1.44082264 -1.60870246 -1.67816164 -1.88004191
 -1.84405565 -1.68676693 -1.29254357 -1.06078575 -1.26015183 -1.73485741
 -1.92644645 -1.83887824 -1.30825986 -1.29389805 -1.38403625 -1.40599143
 -1.35037395 -1.32000789 -1.07344295 -1.32602158 -1.34891075 -1.33003367
 -1.31876385 -1.29067949 -1.297728   -1.22689312 -1.23704079 -1.2157744
 -1.24801829 -1.05332591 -1.36684553 -1.35782954 -1.31608527 -1.56708064
 -1.65186407 -1.43173223 -1.22924804 -1.82489521 -1.90644679 -1.6793282
 -1.04569494 -1.99812232 -2.24456148 -2.14611644 -2.05413187 -2.2114701
 -1.34813542 -1.33274645 -1.37166846 -1.39532946 -1.38100648 -1.0586244
 -1.41019228 -1.4031028  -1.40770655 -1.41518646 -1.43107964 -1.43803693
 -1.46797676 -1.47847004 -1.47513663 -1.46920895 -1.03798938 -1.47664582
 -1.72242491 -1.87774218 -1.82252252 -2.41830807 -1.7184335  -1.81347604
 -1.59013354 -1.42738281 -1.36558642 -1.05101134 -1.27868455 -1.34622984
 -1.27898832 -1.24642664 -1.24301892 -1.20236694 -1.23535316 -1.25730386
 -1.16346776 -1.16142187 -1.04612141 -1.1589136  -1.11713538 -1.12072433
 -1.11318639 -1.10573497 -1.06846263 -1.11442183 -1.10202329 -1.10181572
 -1.19901276 -1.05046724 -1.2194678  -1.16576247 -1.23261151 -1.2880727
 -1.25481081 -1.15956973 -1.16564816 -1.19974515 -1.10409652 -1.06704574
 -1.8889718  -1.03786334 -1.03674263 -1.10886821 -1.01846261 -1.04785371
 -1.07922422 -0.99839666 -1.09658948 -0.9982129  -1.4027379  -1.22029413
 -1.06631126 -1.27776334 -1.33682147 -0.97237072 -0.97508571 -1.11156112
 -1.08363029 -0.98901212 -1.04657098 -1.02108698 -1.0318498  -1.1167349
 -1.0080962  -1.40113704 -0.95827386 -1.0764769  -1.05443859 -1.07418184
 -1.06416536 -1.08538947 -1.21900479 -1.21040274 -1.12603604 -1.14437732
 -1.02012378 -1.03177282 -1.04043184 -1.03801917 -1.03660805 -1.00950224
 -1.00873343 -1.03878226 -1.07311984 -1.17176581 -1.00982198 -1.00808143
 -1.06694184 -1.58468907 -1.62207676 -1.07886129 -1.03336929 -1.04894628
 -1.06425759 -1.08719405 -1.10737516 -1.11616458 -1.11386357 -1.13448045
 -1.18052019 -1.15163803 -1.14932543 -1.09575683 -1.09519456 -1.07613765
 -1.09441078 -1.09019955 -1.08283103 -1.06137574 -1.14088518 -1.13551676
 -1.14819762 -1.18928692 -1.13416917 -1.06014233 -1.00649761 -1.07035553
 -1.06969912 -1.19788955 -1.15796644 -1.09621031 -1.16573554 -1.19141069
 -1.20006029 -1.08839371 -1.10346111 -1.09914362 -1.04860924 -1.0269236
 -1.01734494 -1.03237124 -1.02668446 -1.10481991 -0.99816227 -1.02869545
 -1.09443711 -1.16751997 -1.05744685 -1.18962013 -1.03532034 -1.11004085
 -1.25382596 -1.07044016 -1.08085738 -1.04310661 -1.00551477 -0.96302651
 -0.969227   -0.98469419 -1.00712667 -1.91266839 -1.02281122 -1.03804433
 -1.48331485 -1.25512526 -0.96358137 -0.96473858 -0.96918335 -0.97839846
 -0.97263527 -0.96794649 -0.97971723 -1.02629366 -0.96630061 -0.97367502
 -0.97504605 -0.9703158  -0.98186435 -0.98562044 -0.97591559 -0.97569637
 -1.0606614  -1.02849996 -1.03428463 -1.0222478  -1.03201696 -1.01203777
 -0.97872973 -0.96843356 -0.97434789 -0.97438382 -0.98956636 -0.9719089
 -0.99263291 -1.10623679 -0.97426707 -0.98321116 -0.98903466 -0.99641177
 -0.99573681 -1.01114716 -1.08670714 -0.99943852 -1.00112648 -0.99929105
 -1.09803047 -1.02796959 -1.11606775 -1.00427054 -1.34022585 -1.00900171
 -1.01549514 -1.01861998 -1.0233992  -1.01037696 -1.00945001 -1.05882374
 -1.00589797 -1.01300293 -1.01799457 -1.00605363 -1.03650663 -1.01652915
 -1.00911643 -1.00287086 -1.00021506 -0.99090168 -1.292199   -0.9911772
 -1.02252227 -1.08555906 -1.17652546 -1.17775739 -1.25457834 -1.72060456
 -1.83028171 -1.30483567 -1.11179858 -1.1136636  -1.11542668 -1.12796023
 -1.14893965 -1.20045997 -1.19853106 -1.14147917 -1.21814281 -1.26049904
 -1.24486917 -1.24994065 -1.10409239 -1.29273144 -1.26394049 -1.39530692
 -1.42860153 -1.35204532 -1.06827912 -1.44272342 -1.41102725 -1.61093371
 -1.77284177 -1.09928788 -1.78056807 -1.80102172 -2.70435182 -2.97432612
 -1.74904223 -1.57979758 -2.68725441 -2.49281981 -2.1374129  -2.65135892
 -2.84217673 -1.09006446 -2.42086839 -2.35332936 -1.59227933 -1.36091394
 -1.54705552 -1.63185656 -1.86415231 -1.80231753 -1.47640265 -1.41046785
 -1.05292411 -1.54767324 -1.71873304 -1.54317614 -1.99586442 -1.45700767
 -1.14212794 -1.0196046  -1.05224847 -1.00716264 -1.06056496 -1.02036828
 -1.08782256 -1.22843385 -1.20113077 -1.11932107 -1.1467288  -1.23682969
 -1.22654524 -1.31298676 -1.3749701  -1.23763148 -1.00838777 -1.16463038
 -1.00736338 -1.00246444 -1.0312132  -1.0397796  -1.01033304 -1.14744214
 -1.13646389 -1.09338815 -1.16133715 -1.06071276 -1.46646716 -1.31976136
 -1.25663222 -1.15735797 -1.26394307 -1.14180366 -1.14766205 -1.16287406
 -1.20567687 -1.20195965 -1.07549976 -1.27870768 -1.20584586 -1.2612963
 -1.22586407 -1.25278443 -1.240207   -1.01811093 -0.99888965 -1.00908883
 -1.03088776 -1.06846972 -1.02493133 -1.018343   -1.03422784 -1.03100447
 -1.09590157 -1.22893355 -2.08644132 -1.86866231 -2.33757232 -1.93030608
 -1.09516643 -2.49657509 -2.31903444 -1.4274928  -2.37230546 -2.24116754
 -1.98261596 -2.93727822 -3.9148848  -2.32714772 -2.61130737 -1.11280833
 -1.34691215 -3.52323815 -2.1148744  -1.97838743 -1.71037891 -2.48153098
 -1.76693913 -1.03042199 -1.0620067  -1.20006371 -1.13148529 -1.09090349
 -1.05849284 -1.04083008 -1.05505497 -1.05175433 -1.05379739 -1.0587911
 -1.04640248 -1.03956904 -1.04586349 -1.49133038 -1.10669425 -1.03946013
 -1.0505477  -1.05739091 -1.07256562 -1.08783545 -1.14259068 -1.14406012
 -1.15681104 -1.21702907 -1.16848582 -1.14059878 -1.2667463  -1.28981766
 -1.32503388 -1.26236309 -1.28533376 -1.24938449 -1.18713324 -1.25063398
 -1.20180044 -1.12067752 -1.2184202  -1.05340176 -1.08632525 -1.11680158
 -1.03712854 -1.01352298 -1.06365422 -1.04053065 -1.07255412 -1.05013225
 -0.99852367 -1.19496466 -1.02425808 -0.9987198  -1.012672   -1.00142729
 -0.99468181 -1.03699921 -1.02175047 -0.9979468  -0.99658862 -0.98287973
 -1.11925607 -0.97369121 -0.98005467 -0.97850633 -1.00924366 -0.99365622
 -0.99544265 -0.98571652 -0.98265645 -1.00273701 -0.99994163 -1.08455813
 -1.00002503 -1.00511924 -1.00274897 -1.00014526 -1.00190199 -0.99729846
 -0.9850945  -0.99313876 -0.97372777 -0.96792224 -1.02900214 -1.01664946
 -1.01543279 -0.96277565 -0.99437411 -0.96411111 -0.95755795 -0.95902849
 -0.9621859  -0.98269294 -0.98299922 -1.01964561 -0.96066948 -0.99228537
 -0.99847193 -0.99562876 -1.00331284 -1.00748631 -0.98403317 -1.00547326
 -1.00684047 -0.98311466 -1.01036681 -0.98707141 -0.98846714 -1.00303558
 -0.99688469 -0.99895699 -1.00084805 -0.98618722 -0.98314782 -1.00846405
 -1.03732683 -1.01992728 -1.01921865 -1.00274038 -1.00709363 -1.00995037
 -1.0228104  -1.12207682 -1.09546034 -0.99321556 -0.98856527 -1.37030408
 -1.1993107  -1.03601839 -1.27154334 -1.27485206 -1.20274145 -1.22693116
 -1.18929462 -1.26913194 -1.24655102 -1.21465874 -1.30116541 -1.34889534
 -1.03738054 -1.5126587  -1.42830031 -1.14756172 -1.27327141 -1.44418218
 -1.60670063 -1.80062348 -1.19836175 -1.18691893 -1.95636006 -1.01395283
 -2.93631265 -2.21285714 -1.63458038 -2.10219506 -1.71869783 -2.64870907
 -2.62350451 -2.90473899 -2.41524023 -1.67636373 -1.01126489 -2.42850211
 -2.80295433 -3.03853144 -2.2628595  -1.70567283 -1.71340838 -1.81394209
 -1.93640063 -1.88493336 -1.92133363 -1.04638776 -1.98186107 -1.98110033
 -1.87863829 -1.9035252  -1.88102168 -1.8090631  -1.64450591 -1.76482671
 -2.05130123 -2.12496497 -1.17349247 -1.38050278 -1.16135288 -1.07649909
 -1.07461363 -1.02384071 -1.0963826  -1.02733659 -1.03287368 -1.04709811
 -1.12291768 -1.23906461 -1.02859993 -1.10785281 -1.09709172 -1.05107481
 -1.02004483 -1.01928815 -1.0722933  -1.07178296 -1.11771384 -1.16758766
 -1.23370469 -1.09623171 -1.22709848 -1.23508717 -1.43641241 -1.38288952
 -1.35008001 -1.25964551 -1.30102468 -1.34039759 -1.18231835 -1.1540092
 -1.15344268 -1.40173837 -1.44821328 -1.34465936 -1.4324134  -1.25666758
 -1.28688703 -1.41533203 -1.64831896 -1.97682241 -1.10275167 -2.11471872
 -2.23250245 -2.20655287 -1.8041256  -1.80590524 -1.78035691 -1.86968824
 -1.63853769 -0.98024778 -0.9892931  -1.04888395 -1.13913177 -0.99829819
 -0.99726345 -0.99786887 -0.99132329 -0.9919941  -0.99120926 -0.99111662
 -0.9898918  -0.99007271 -0.9887968  -1.07238763 -0.98355491 -0.98809049
 -0.98754963 -0.98775806 -0.99800377 -0.99814679 -0.99970589 -0.99415384
 -0.99568464 -1.00133678 -1.07985083 -0.99172994 -0.99500006 -0.98942475
 -0.98873015 -0.9908612  -0.99454418 -0.99449108 -0.99254588 -0.98324726
 -0.98603461 -1.11460133 -0.98600033 -0.97967265 -1.00088818 -1.05813713
 -1.07453008 -1.06923202 -1.07927386 -1.31260951 -1.31047886 -1.33158467
 -1.1325812  -1.36827364 -1.4398538  -1.40793682 -1.22613911 -1.46260308
 -1.81177574 -1.9832694  -1.83783007 -1.73742505 -1.70665267 -1.13012892
 -1.71613536 -1.79570752 -1.81582136 -2.0346968  -1.87423278 -1.7390155
 -1.82759091 -2.01081855 -1.99306187 -1.72234625 -1.12061159 -1.78837145
 -2.00724353 -2.03350853 -2.06443069 -2.15536652 -2.15074029 -1.91361498
 -1.257161   -1.25365795 -1.3469468  -1.11385544 -1.38127473 -1.41098766
 -1.42142344 -1.35949101 -1.38096425 -1.36567186 -1.35139874 -1.3485721
 -1.34958437 -1.29385583 -1.11635372 -1.26098465 -1.12387085 -1.01583056
 -1.00764204 -1.0065021  -1.0058911  -1.01814264 -1.04033925 -1.11419403
 -1.27398553 -1.09516872 -1.35564684 -1.32715029 -1.28846397 -1.1999589
 -1.24200258 -1.1673146  -1.13532769 -1.13965232 -1.16731106 -1.34391996
 -1.03046409 -1.15082162 -1.32296829 -1.20468287 -1.14638635 -1.19052367
 -1.06067957 -1.05941933 -1.03591293 -1.48151435 -1.42966257]
