param settings:LocalOutlierFactor(algorithm='auto', contamination=0.2, leaf_size=30,
          metric='minkowski', metric_params=None, n_jobs=None,
          n_neighbors=35, novelty=False, p=2)
cluster_thresh:
feature select:['lbp', 'gab', 'glcm', 'hog']
precision: {'precision_b1': 0.5167, 'precision': 0.8595, 'acc': 0.7909, 'recall_b1': 0.4794, 'recall': 0.8766, 'false_alert_b1': 0.48329999999999995, 'miss_alert_b1': 0.5206, 'false_alert': 0.14049999999999996, 'miss_alert': 0.12339999999999995, 'intersect_1': 618, 'intersect_b1': 93}
all_predict:
sum:899
1 class :719
[3, 12, 13, 14, 15, 18, 19, 20, 21, 22, 23, 24, 25, 26, 27, 28, 29, 30, 31, 32, 33, 34, 35, 36, 37, 38, 39, 40, 41, 42, 43, 44, 45, 46, 47, 48, 49, 50, 51, 52, 53, 54, 55, 56, 57, 58, 59, 60, 61, 62, 63, 64, 65, 66, 67, 68, 69, 70, 71, 72, 73, 74, 75, 76, 77, 78, 79, 80, 81, 82, 83, 84, 85, 86, 87, 88, 89, 90, 91, 92, 93, 94, 95, 96, 97, 98, 99, 100, 101, 102, 103, 104, 105, 106, 107, 108, 109, 110, 111, 112, 113, 114, 115, 116, 117, 118, 119, 120, 121, 122, 123, 124, 126, 127, 128, 129, 130, 131, 132, 133, 134, 135, 136, 137, 138, 140, 141, 142, 143, 144, 145, 146, 147, 148, 149, 150, 151, 152, 153, 154, 155, 156, 157, 158, 159, 160, 161, 162, 163, 164, 165, 166, 168, 169, 170, 171, 173, 174, 175, 176, 177, 179, 180, 181, 182, 183, 184, 185, 186, 187, 188, 189, 190, 191, 192, 193, 194, 195, 196, 197, 198, 199, 201, 202, 203, 204, 205, 206, 207, 208, 209, 210, 214, 215, 216, 217, 218, 219, 220, 221, 222, 223, 224, 226, 227, 232, 233, 234, 235, 236, 237, 238, 239, 240, 241, 242, 243, 244, 245, 246, 247, 248, 249, 250, 251, 252, 253, 254, 255, 256, 257, 258, 259, 260, 261, 262, 263, 264, 265, 266, 268, 269, 270, 271, 272, 273, 274, 275, 276, 277, 278, 279, 280, 281, 282, 283, 286, 287, 288, 289, 290, 291, 292, 293, 294, 295, 296, 297, 298, 299, 300, 301, 302, 303, 304, 305, 306, 307, 308, 309, 310, 311, 312, 313, 314, 315, 316, 317, 318, 319, 320, 321, 322, 323, 324, 325, 326, 327, 328, 329, 330, 331, 332, 333, 334, 335, 336, 337, 338, 339, 340, 341, 342, 343, 345, 346, 347, 348, 349, 350, 351, 352, 353, 354, 356, 357, 358, 359, 360, 361, 362, 363, 364, 365, 366, 367, 368, 369, 370, 371, 372, 373, 374, 375, 376, 377, 378, 379, 380, 381, 382, 383, 384, 385, 386, 387, 388, 389, 390, 391, 392, 393, 394, 395, 396, 397, 398, 399, 400, 402, 403, 404, 405, 406, 407, 408, 409, 410, 411, 412, 413, 414, 415, 416, 417, 418, 419, 420, 424, 425, 426, 427, 428, 429, 430, 431, 432, 433, 434, 435, 436, 437, 438, 439, 440, 441, 442, 444, 445, 449, 450, 451, 452, 453, 454, 455, 456, 457, 458, 459, 460, 461, 462, 463, 464, 465, 466, 468, 469, 470, 471, 472, 473, 475, 476, 477, 478, 479, 482, 483, 484, 485, 486, 487, 489, 502, 503, 504, 509, 511, 512, 513, 514, 515, 516, 517, 519, 521, 522, 523, 524, 525, 526, 527, 528, 529, 530, 531, 532, 533, 534, 535, 536, 538, 539, 540, 541, 542, 543, 544, 545, 546, 549, 550, 551, 552, 553, 554, 555, 556, 557, 559, 560, 562, 563, 564, 565, 566, 569, 572, 573, 574, 576, 577, 583, 584, 587, 588, 593, 594, 597, 598, 600, 601, 602, 603, 604, 605, 608, 609, 610, 612, 613, 614, 615, 616, 617, 618, 619, 620, 621, 622, 623, 624, 625, 626, 627, 628, 629, 630, 631, 632, 633, 634, 635, 636, 637, 638, 639, 640, 641, 642, 643, 644, 645, 646, 647, 648, 649, 650, 651, 652, 653, 654, 655, 656, 657, 658, 659, 660, 661, 662, 663, 664, 665, 666, 667, 668, 669, 670, 671, 672, 673, 674, 675, 676, 677, 678, 679, 680, 681, 682, 683, 684, 685, 686, 687, 688, 689, 690, 691, 692, 693, 694, 697, 698, 701, 702, 703, 704, 706, 707, 708, 709, 710, 711, 712, 713, 714, 716, 717, 719, 721, 722, 723, 725, 727, 728, 729, 730, 731, 734, 740, 741, 746, 756, 757, 758, 759, 760, 761, 777, 778, 799, 800, 801, 802, 803, 804, 805, 806, 807, 808, 809, 810, 811, 812, 814, 815, 816, 817, 818, 819, 820, 821, 822, 823, 824, 825, 826, 827, 828, 829, 830, 831, 832, 834, 835, 836, 837, 838, 839, 840, 841, 842, 843, 844, 845, 846, 847, 849, 853, 854, 857, 858, 859, 860, 862, 864, 865, 866, 867, 868, 869, 870, 871, 872, 874, 875, 876, 877, 878, 882, 883, 884, 885, 886, 887, 897]
-1 class :180
[1, 2, 4, 5, 6, 7, 8, 9, 10, 11, 16, 17, 125, 139, 167, 172, 178, 200, 211, 212, 213, 225, 228, 229, 230, 231, 267, 284, 285, 344, 355, 401, 421, 422, 423, 443, 446, 447, 448, 467, 474, 480, 481, 488, 490, 491, 492, 493, 494, 495, 496, 497, 498, 499, 500, 501, 505, 506, 507, 508, 510, 518, 520, 537, 547, 548, 558, 561, 567, 568, 570, 571, 575, 578, 579, 580, 581, 582, 585, 586, 589, 590, 591, 592, 595, 596, 599, 606, 607, 611, 695, 696, 699, 700, 705, 715, 718, 720, 724, 726, 732, 733, 735, 736, 737, 738, 739, 742, 743, 744, 745, 747, 748, 749, 750, 751, 752, 753, 754, 755, 762, 763, 764, 765, 766, 767, 768, 769, 770, 771, 772, 773, 774, 775, 776, 779, 780, 781, 782, 783, 784, 785, 786, 787, 788, 789, 790, 791, 792, 793, 794, 795, 796, 797, 798, 813, 833, 848, 850, 851, 852, 855, 856, 861, 863, 873, 879, 880, 881, 888, 889, 890, 891, 892, 893, 894, 895, 896, 898, 899]

score : [-1.42894792 -1.47537008 -1.04555714 -1.02305549 -1.03002199 -1.00964248
 -1.01432821 -1.00619238 -1.00110216 -1.0017103  -1.03140913 -1.04696672
 -1.51533103 -1.00417883 -1.00748575 -1.1851463  -1.24070555 -1.23618205
 -1.25889377 -1.03299498 -1.05843338 -1.00244126 -1.0848521  -1.19222661
 -1.06910655 -1.12442011 -1.05201034 -1.02459078 -1.03093691 -1.35961974
 -1.01945997 -1.01770315 -1.01599127 -1.01548898 -1.15020084 -1.01053735
 -1.00967969 -1.01536662 -1.01287986 -1.14348527 -1.01638581 -1.14265098
 -1.04883911 -1.05577385 -1.34837891 -1.16107586 -1.15008697 -1.02645938
 -1.15786397 -1.13404635 -1.14893775 -1.00311058 -1.02808389 -1.03787211
 -1.00236957 -1.19999047 -1.09857417 -1.11291206 -1.06527649 -0.99423957
 -0.99103241 -0.98727485 -0.98117104 -0.97795553 -1.09265542 -0.9903671
 -0.99808841 -1.28966462 -0.99518184 -1.13837515 -0.99621534 -0.99769485
 -1.07701066 -1.01126063 -1.05191313 -1.49588377 -1.03999567 -1.04200802
 -1.37493648 -1.01234869 -1.00586236 -1.3030513  -1.00073145 -1.00259984
 -1.00448605 -1.18414578 -1.18118638 -1.50523578 -1.13180325 -1.05823878
 -1.05409016 -1.16160907 -1.14513159 -1.1286557  -1.15952533 -1.03619314
 -1.03741705 -1.14200901 -1.1354419  -1.13428469 -1.03536431 -1.05331565
 -1.02232692 -1.05387618 -1.072995   -1.0393052  -1.057071   -1.12563644
 -1.06911749 -1.22703893 -1.1781933  -1.39290224 -1.22897709 -2.09040709
 -1.21958257 -1.14851358 -1.2576867  -1.20652828 -1.19678842 -1.25221321
 -1.25198282 -1.1457573  -1.15492401 -1.00286655 -1.22040678 -1.29737676
 -1.30377635 -1.52871789 -1.20929448 -1.19337616 -1.13357053 -1.18298433
 -1.16707435 -1.12173006 -1.01288243 -1.10696007 -1.07606918 -1.10859814
 -1.16516438 -1.26586535 -1.29410209 -1.1499634  -1.14683589 -1.48202866
 -1.50653784 -1.17287801 -1.69149211 -1.64918796 -1.08175184 -1.05514375
 -1.0520534  -1.05871054 -1.08317805 -1.13262519 -1.15569251 -1.13081549
 -1.26583967 -1.13630147 -1.12700623 -1.13887301 -1.13409514 -1.12520332
 -1.15366273 -1.13645479 -1.10169848 -1.11158033 -1.08396037 -1.16094189
 -1.12515183 -1.08693224 -1.09437662 -1.11350463 -1.09527515 -1.09544725
 -1.12916611 -1.11665123 -1.12473528 -1.11616162 -0.98989237 -1.12122135
 -1.14792338 -1.22201726 -1.16144608 -1.27796062 -1.2384422  -1.12661099
 -1.42954783 -1.02644636 -1.16311381 -0.99621704 -1.25506232 -1.21614982
 -1.10041303 -1.15542749 -1.15655081 -1.22203548 -1.01473823 -1.17409789
 -1.20565009 -1.145061   -1.24538987 -1.17487649 -1.15026165 -1.14894335
 -1.03569075 -1.42923162 -1.42475781 -1.17102103 -1.08685977 -1.1180967
 -1.05697517 -1.00697548 -1.14241872 -1.16520128 -1.00110317 -1.00719987
 -0.98040932 -0.98463689 -1.10942817 -1.15878666 -1.13836253 -1.12306329
 -1.19432908 -1.17164257 -1.11464934 -1.07031606 -1.02056844 -1.0673755
 -1.28236653 -1.24937434 -1.05210266 -1.03164158 -1.09462205 -1.10199782
 -1.17171686 -1.09644067 -1.15546396 -1.0045206  -1.17535369 -0.99607546
 -0.97722466 -0.98776473 -0.99995909 -0.98797514 -1.144014   -1.07210952
 -1.23405215 -0.98178241 -1.08037683 -1.0284585  -0.98861891 -0.99863749
 -1.01606055 -1.00845955 -1.03173655 -1.00845872 -1.039184   -1.0840856
 -0.9879289  -1.00552608 -1.00455325 -0.98518079 -1.20340313 -0.99897078
 -1.03254081 -1.01205978 -0.99133143 -1.01699047 -1.00330617 -1.00714487
 -1.01118146 -1.049898   -1.31603895 -1.04853418 -1.05247878 -0.98867684
 -0.99161621 -1.00140461 -1.0218498  -1.09902609 -1.023019   -1.01865834
 -0.99758317 -1.17477518 -1.33850796 -1.05390566 -1.03740059 -1.03056989
 -1.02324547 -1.01642127 -1.02939369 -1.07455114 -1.04610416 -1.21677887
 -1.21121576 -1.08989634 -1.07673525 -1.05359229 -1.15722894 -1.1081828
 -1.02114404 -1.23479257 -1.09764357 -1.20977561 -1.17370472 -1.1283142
 -1.10862251 -1.26188612 -1.17022837 -1.11304722 -1.11092061 -1.01529646
 -1.10748651 -1.03968961 -1.06253434 -1.00782767 -0.98592022 -0.96605401
 -0.96514169 -0.96966384 -0.97097738 -0.98724736 -0.99199299 -0.99315177
 -1.14339102 -0.98650867 -0.97024151 -0.97977995 -0.97758639 -0.99704213
 -1.16264776 -0.97818113 -1.14842078 -1.43558287 -1.2035218  -0.99622835
 -1.54574589 -0.99259857 -0.99092371 -0.99545253 -0.99101253 -0.99191951
 -0.99538576 -0.9981226  -0.99297293 -1.03785887 -0.99070642 -1.15409463
 -0.99663375 -0.99677391 -0.99321885 -0.99280944 -0.99112454 -0.98903396
 -0.99474801 -0.99133357 -1.10989208 -0.9898734  -1.4491164  -1.58088398
 -1.58044882 -0.99046074 -0.99288851 -0.99108093 -0.99103934 -0.99169872
 -0.99232951 -1.10504614 -1.09357107 -0.99457175 -0.99638781 -0.99405555
 -0.99449876 -0.99812774 -0.99413322 -0.99140511 -1.09364484 -1.11288905
 -1.11672233 -1.03303643 -1.13163735 -1.07917526 -1.322061   -1.0190354
 -1.28250827 -1.33979506 -1.35280251 -1.37814048 -1.09047079 -1.11536909
 -1.10052896 -1.11627464 -1.10333708 -1.09299288 -1.08383101 -1.07356003
 -1.01327239 -1.18885179 -1.17565705 -1.03400724 -1.12715714 -1.08223912
 -1.02491281 -1.05553424 -1.06373556 -1.00575864 -1.22636416 -0.99397225
 -1.61211249 -1.23581226 -1.07797269 -1.16044332 -1.12733053 -1.228526
 -1.15152928 -1.26658714 -1.30132161 -1.2333256  -1.1012396  -1.09413783
 -1.256686   -1.23762286 -1.14980837 -1.34821766 -1.37634579 -1.11836065
 -1.26387528 -1.16317163 -1.26999525 -1.1620694  -1.12526157 -1.29728832
 -1.14073175 -1.18405487 -1.83023809 -1.53273343 -1.63334217 -1.65480529
 -1.45751523 -1.45665188 -1.36920451 -1.37942695 -1.41340584 -1.53624718
 -1.48819327 -1.15788364 -1.67674449 -1.6491346  -1.2635443  -1.25342297
 -1.17461619 -1.30934541 -1.31614853 -1.31509709 -1.30050345 -1.06683629
 -1.15074474 -1.30469486 -1.16908268 -1.09912046 -1.27214503 -1.20837283
 -1.12303508 -1.01831389 -1.25724357 -1.49367925 -1.06483728 -1.0819053
 -1.47503177 -1.0294793  -1.0395296  -0.99262626 -1.15927819 -0.9980734
 -1.1451754  -1.08172555 -1.05695718 -1.15281885 -1.07722509 -1.09529015
 -0.99757578 -1.00345545 -1.0018174  -0.99286152 -0.98823049 -0.99325718
 -1.36104413 -1.03691574 -1.04581082 -1.02223891 -0.99834536 -1.09952454
 -1.08086618 -1.00792831 -1.07866979 -1.01344661 -0.97914089 -1.41759234
 -1.29527039 -0.99879286 -1.01968712 -1.11595798 -0.99441828 -1.02960298
 -1.00018568 -0.99922863 -1.12347242 -0.99681266 -1.14339094 -1.2969774
 -0.99293639 -1.01117963 -0.98963923 -1.32220532 -1.00512264 -1.21897135
 -1.24179167 -1.16563647 -1.24084563 -1.49189133 -1.44811082 -1.16756661
 -1.00984278 -1.40449487 -1.55385407 -1.21857541 -1.19773179 -1.21061234
 -1.51327028 -1.26798541 -1.27571587 -1.32208578 -1.46254045 -0.97935573
 -1.32905392 -1.41536551 -1.38823622 -1.20088032 -1.15071217 -1.34811679
 -1.49676612 -1.23880703 -1.25664416 -1.30863784 -0.98010365 -1.44124662
 -1.34316574 -1.43131307 -1.18684058 -1.14487604 -1.3938077  -1.33787033
 -1.08139803 -1.2406151  -1.33614558 -1.32094696 -1.02526443 -1.25782135
 -1.10620856 -1.19103737 -1.20231149 -1.04039387 -1.2299198  -1.30232675
 -1.42813115 -1.27293207 -1.2161148  -0.97615002 -1.2199911  -1.34402647
 -1.22544404 -1.20387194 -1.0151585  -1.01158429 -1.01470415 -1.01025143
 -1.16330773 -0.99534047 -0.97863127 -1.12546877 -0.98451502 -1.06692509
 -1.00812816 -1.00099322 -0.98929853 -0.9916215  -1.05525554 -0.99218121
 -0.98826766 -0.97680161 -0.99838885 -0.99520385 -0.99316534 -0.9882788
 -0.98712241 -0.98498698 -0.99365362 -0.98739368 -0.9929739  -0.98906053
 -0.97354267 -0.98789793 -0.98258015 -0.99533919 -0.99313149 -0.99336194
 -0.99801985 -1.00160225 -1.00089075 -0.98121928 -0.9840743  -1.03744124
 -1.00186903 -0.98517677 -0.98574405 -0.98685182 -0.98531218 -0.99904439
 -0.98647348 -0.98897834 -1.00496031 -0.99960832 -0.9749451  -0.9957254
 -0.99452643 -0.99316013 -0.99331775 -0.99269841 -1.04342858 -0.99852522
 -0.99225353 -0.99067583 -0.99615127 -1.00824676 -0.99416564 -0.99608012
 -0.99653199 -0.99621874 -0.99444025 -0.98967105 -0.99190161 -1.0026031
 -1.00587358 -0.99504733 -0.97711291 -0.99190161 -0.99276277 -0.9909777
 -0.99066005 -0.99418425 -1.08763896 -0.99372935 -0.98985766 -0.99142353
 -0.9976579  -0.98243557 -1.01870886 -0.99190161 -0.99263734 -1.09805448
 -1.01801116 -1.37547609 -1.64510865 -1.18179209 -1.17957517 -1.43841049
 -1.39276226 -0.98067403 -1.41936596 -1.01698596 -1.25732613 -0.99422345
 -1.00382469 -1.3270578  -1.12738362 -1.23037501 -1.23380288 -1.26209994
 -1.01426037 -1.18531445 -1.12304532 -1.11255354 -1.06481455 -1.23899296
 -1.39324913 -1.06120868 -1.07330017 -1.54955494 -1.25384963 -1.01256937
 -1.31456668 -1.23575759 -1.25397699 -1.17514164 -1.32967176 -1.20221002
 -1.32560488 -1.18407299 -1.18224228 -1.1970997  -1.07927355 -1.2107981
 -1.21539472 -1.45399488 -1.38742041 -1.27387159 -1.31728684 -1.31636482
 -1.60232705 -1.29408075 -1.31703753 -1.01255534 -1.10774867 -1.26643003
 -1.44824876 -1.39637682 -1.34638188 -1.31041755 -1.25789532 -1.31634326
 -1.29354337 -1.28398298 -1.01283657 -1.38135923 -1.75111278 -1.60477778
 -1.50152755 -1.94075342 -1.39447327 -1.07299122 -1.09568711 -1.08126048
 -1.10583939 -1.025578   -1.15790369 -1.15188676 -1.83717749 -1.63451148
 -1.5439617  -1.40011312 -1.30973215 -1.36534257 -1.75651447 -1.5240877
 -1.12510158 -1.33687682 -1.64123453 -1.44093621 -1.58090048 -1.99714504
 -1.64397826 -1.74529203 -1.21424153 -1.1436692  -1.29248062 -1.0204204
 -1.48769842 -1.54068743 -1.663238   -1.4547889  -1.32252504 -1.35014247
 -1.35962239 -1.47316312 -1.4388474  -1.3807503  -1.09561727 -1.35417559
 -1.35787054 -1.39357131 -1.44004318 -1.37524559 -1.43209645 -1.43452905
 -1.70520599 -1.68490083 -1.12937922 -1.36747845 -1.02204653 -1.11244921
 -1.03189152 -1.0250117  -1.213324   -1.20217203 -1.00575437 -1.0017787
 -1.17196996 -1.01594934 -1.10409514 -1.04065135 -1.11368375 -1.00977887
 -1.20743443 -1.30683678 -1.00039073 -1.00952093 -0.99583637 -0.99509406
 -1.20960845 -1.17445537 -1.12010738 -1.01199511 -1.00419877 -0.99577607
 -1.02729434 -0.99530836 -1.07555082 -1.01239852 -1.06102201 -1.0218434
 -1.02806193 -1.20533336 -1.03707286 -1.00476617 -1.04122534 -1.32468018
 -0.99775432 -0.99929705 -1.01668354 -1.00139149 -1.0048517  -1.00778767
 -1.01803801 -1.00067686 -1.08049215 -1.04761179 -1.01465848 -1.05379995
 -1.01216181 -1.01734749 -1.04956266 -1.78383935 -1.05012907 -1.02052564
 -1.39147284 -1.34090857 -1.32047103 -1.18864455 -1.13361861 -1.31870356
 -1.29994576 -1.0972448  -1.06260574 -1.03502773 -1.10783696 -1.02322363
 -1.47325687 -1.06336038 -1.34915773 -1.08772595 -1.08720133 -1.11269575
 -1.19153222 -1.15192935 -1.23137807 -1.1487788  -1.26219147 -1.21038015
 -1.23443698 -1.34386477 -1.18640452 -1.20547069 -1.19355248 -1.26783314
 -1.19320995 -1.28863167 -1.18403228 -1.38256911 -1.49614321 -1.12310844
 -1.17490037 -1.08284117 -1.09237945 -1.15417873 -1.16330874 -1.40705296
 -1.55608459 -1.1979587  -1.66377494 -1.51719638 -1.62079284 -1.42978147
 -1.59197769 -1.49648269 -1.4165006  -1.20474096 -1.44252428 -1.74475752
 -1.40700636 -1.08710244 -1.11965299 -1.10169196 -1.05016795 -1.00714033
 -1.00664318 -1.0149857  -1.0029207  -1.17710987 -1.03794791]
