param settings:OneClassSVM(cache_size=200, coef0=0.0, degree=3, gamma=0.2, kernel='rbf',
      max_iter=-1, nu=0.2, random_state=None, shrinking=True, tol=0.001,
      verbose=False)
cluster_thresh:
feature select:['lbp']
precision: {'precision_b1': 0.4278, 'precision': 0.8426, 'acc': 0.7531, 'recall_b1': 0.4278, 'recall': 0.8426, 'false_alert_b1': 0.5722, 'miss_alert_b1': 0.5722, 'false_alert': 0.15739999999999998, 'miss_alert': 0.15739999999999998, 'intersect_1': 594, 'intersect_b1': 83}
all_predict:
sum:899
1 class :705
[6, 7, 8, 9, 10, 11, 12, 13, 14, 15, 16, 17, 18, 19, 20, 21, 22, 23, 24, 25, 26, 27, 28, 29, 30, 31, 32, 33, 34, 35, 36, 37, 38, 39, 40, 41, 42, 44, 45, 46, 47, 48, 49, 52, 53, 54, 55, 56, 57, 58, 59, 60, 61, 62, 63, 64, 65, 66, 68, 69, 70, 71, 73, 74, 78, 79, 82, 85, 87, 88, 89, 90, 93, 95, 96, 97, 98, 99, 101, 102, 104, 105, 106, 107, 108, 109, 111, 112, 113, 114, 115, 116, 117, 118, 119, 120, 121, 122, 123, 124, 125, 126, 127, 129, 130, 131, 132, 133, 134, 135, 136, 137, 138, 139, 140, 141, 142, 143, 144, 145, 146, 147, 148, 149, 150, 151, 152, 153, 154, 155, 156, 157, 158, 159, 160, 161, 162, 163, 164, 165, 166, 167, 168, 169, 170, 171, 172, 174, 175, 177, 178, 179, 180, 181, 182, 183, 184, 185, 186, 187, 188, 189, 190, 191, 192, 193, 194, 195, 196, 197, 198, 199, 201, 202, 203, 204, 205, 206, 207, 208, 209, 210, 211, 212, 213, 216, 217, 222, 223, 224, 225, 226, 227, 230, 231, 234, 235, 239, 240, 241, 242, 243, 244, 245, 246, 247, 248, 249, 251, 252, 253, 254, 255, 256, 257, 262, 263, 264, 265, 266, 267, 268, 269, 270, 271, 273, 274, 275, 276, 277, 278, 279, 280, 281, 282, 283, 284, 286, 287, 288, 289, 290, 291, 292, 293, 294, 295, 296, 297, 299, 300, 301, 302, 305, 306, 307, 310, 311, 312, 313, 314, 315, 316, 317, 318, 319, 320, 321, 322, 323, 324, 325, 326, 327, 328, 329, 330, 331, 332, 333, 335, 336, 337, 339, 340, 341, 342, 343, 344, 345, 346, 347, 348, 349, 350, 351, 352, 353, 354, 355, 356, 357, 358, 359, 360, 361, 362, 363, 364, 365, 366, 367, 368, 369, 370, 371, 372, 373, 375, 376, 377, 378, 379, 380, 381, 383, 384, 385, 386, 387, 388, 389, 390, 391, 392, 393, 394, 395, 396, 397, 398, 399, 400, 401, 402, 403, 404, 405, 406, 407, 408, 409, 410, 411, 412, 413, 414, 415, 416, 417, 418, 419, 420, 421, 422, 423, 424, 426, 427, 428, 429, 430, 431, 432, 433, 434, 435, 436, 437, 438, 439, 440, 441, 442, 443, 445, 446, 447, 448, 449, 450, 451, 452, 453, 454, 455, 456, 457, 458, 461, 462, 463, 464, 465, 468, 469, 470, 471, 472, 473, 474, 475, 476, 478, 480, 481, 482, 483, 485, 487, 488, 489, 490, 491, 495, 496, 497, 498, 499, 500, 502, 503, 504, 506, 507, 508, 509, 510, 511, 512, 514, 515, 516, 517, 518, 519, 520, 521, 522, 523, 524, 525, 526, 527, 528, 529, 530, 531, 532, 533, 534, 535, 536, 537, 539, 540, 541, 542, 543, 544, 545, 546, 547, 549, 550, 551, 552, 553, 554, 555, 556, 557, 558, 559, 560, 561, 562, 563, 564, 565, 566, 567, 568, 569, 570, 571, 572, 573, 574, 575, 576, 577, 578, 579, 580, 581, 582, 583, 584, 585, 586, 587, 588, 589, 590, 591, 592, 593, 594, 595, 596, 598, 599, 600, 601, 602, 603, 604, 605, 606, 607, 608, 609, 610, 612, 613, 614, 615, 616, 617, 619, 620, 621, 623, 624, 626, 627, 628, 629, 630, 631, 632, 633, 634, 635, 636, 637, 638, 639, 640, 641, 642, 643, 644, 645, 646, 647, 648, 649, 650, 651, 652, 653, 654, 655, 656, 657, 658, 659, 660, 661, 662, 664, 667, 668, 669, 670, 671, 672, 673, 674, 675, 676, 677, 678, 679, 680, 681, 682, 683, 684, 685, 686, 687, 689, 691, 692, 693, 694, 696, 698, 699, 700, 701, 702, 703, 704, 706, 708, 709, 710, 711, 712, 713, 714, 715, 716, 717, 718, 719, 720, 721, 727, 729, 730, 732, 734, 735, 736, 738, 741, 744, 746, 748, 751, 752, 755, 759, 760, 761, 762, 763, 766, 767, 769, 770, 772, 773, 784, 785, 790, 791, 797, 808, 809, 811, 812, 815, 817, 818, 819, 824, 825, 827, 828, 832, 833, 834, 835, 837, 838, 839, 840, 842, 844, 846, 847, 849, 857, 858, 861, 862, 864, 865, 866, 871, 872, 873, 874, 875, 884, 890, 892, 895, 896]
-1 class :194
[1, 2, 3, 4, 5, 43, 50, 51, 67, 72, 75, 76, 77, 80, 81, 83, 84, 86, 91, 92, 94, 100, 103, 110, 128, 173, 176, 200, 214, 215, 218, 219, 220, 221, 228, 229, 232, 233, 236, 237, 238, 250, 258, 259, 260, 261, 272, 285, 298, 303, 304, 308, 309, 334, 338, 374, 382, 425, 444, 459, 460, 466, 467, 477, 479, 484, 486, 492, 493, 494, 501, 505, 513, 538, 548, 597, 611, 618, 622, 625, 663, 665, 666, 688, 690, 695, 697, 705, 707, 722, 723, 724, 725, 726, 728, 731, 733, 737, 739, 740, 742, 743, 745, 747, 749, 750, 753, 754, 756, 757, 758, 764, 765, 768, 771, 774, 775, 776, 777, 778, 779, 780, 781, 782, 783, 786, 787, 788, 789, 792, 793, 794, 795, 796, 798, 799, 800, 801, 802, 803, 804, 805, 806, 807, 810, 813, 814, 816, 820, 821, 822, 823, 826, 829, 830, 831, 836, 841, 843, 845, 848, 850, 851, 852, 853, 854, 855, 856, 859, 860, 863, 867, 868, 869, 870, 876, 877, 878, 879, 880, 881, 882, 883, 885, 886, 887, 888, 889, 891, 893, 894, 897, 898, 899]

score : [-5.53609363e-01  6.91409426e-01 -2.43395611e-01  2.05781301e-01
  1.70690223e-01 -2.53499715e-04  2.99883717e-01  9.75867296e-02
  1.00049839e+00  4.20312858e-02  4.27507490e-01  3.20400268e-01
  7.09849912e-01 -4.67666354e-05  4.01994321e-01  5.47827515e-01
  2.44107992e-01  8.19515529e-02  2.46271214e-01  3.56274319e-01
  5.34359253e-01  3.33205587e-01  3.09716636e-04  7.71721154e-01
  6.78785749e-02  5.77461297e-02  3.96103422e-02  6.08256950e-02
  3.02490330e-01  6.76894931e-01  5.86380568e-01  6.18083413e-01
 -1.58773466e-04  4.54514142e-01  1.70353598e-01  5.34761444e-01
  8.85079470e-01  9.22939898e-01  1.15560873e+00  1.17713868e+00
  7.89902398e-01  8.82722719e-01  9.99437313e-01  1.08449716e+00
  9.62283643e-01  1.33068771e+00  9.96243947e-01  1.04046361e+00
  8.98185534e-01  7.23154743e-01  8.18733611e-01  9.83640135e-01
  1.19710529e+00  7.22776678e-01  6.17897117e-01  4.35200324e-01
  1.42312262e-01  8.35121092e-01  5.72109614e-01  6.04540147e-01
  3.91574953e-01  1.66321120e-01  8.62054461e-01  6.58853362e-01
  2.25983311e-01  9.43706779e-01  4.95709635e-01  9.66249186e-01
  8.26261242e-01  7.43750975e-01  7.13980663e-01  4.68719595e-01
  1.26406750e-01  2.10308130e-01  6.09621588e-01  1.13187401e-01
  4.89744070e-01  5.68099634e-01  1.01505445e+00  5.18837671e-01
  2.20945550e-01  1.50473991e-01 -5.13555948e-02  4.50184995e-01
  5.75083840e-02 -5.78136289e-05  2.26210278e-01  4.81776373e-01
  6.35413249e-01  5.19735902e-01  6.52209209e-01  1.47454079e-01
  2.43180411e-04  6.24442217e-01  2.91868645e-01  7.88651516e-01
  8.70294344e-01  6.77289097e-01  5.65007878e-01  3.39536949e-01
  1.12027055e+00  8.05190271e-01  4.65003015e-01  1.15737952e+00
  4.77019640e-01  1.11820624e+00  1.38030774e+00  4.74362962e-01
  1.07127345e+00  4.66431798e-01  2.28897614e-05 -5.47076064e-01
  8.55662556e-01 -3.29700263e-06  2.55689080e-01  2.94972033e-01
  8.60319464e-01  6.98285981e-01  1.70901885e-01  1.09905875e+00
  7.37503734e-01  1.15197962e+00  1.39306111e+00  5.77477308e-01
  7.39006260e-01  7.89276615e-01  5.35482430e-01  2.34344968e-01
 -7.66325829e-02 -2.97928067e-04  4.58137175e-04  2.98597463e-01
 -1.72039015e-04 -2.70436184e-01  2.30908928e-01 -8.82395557e-03
 -5.02833548e-05  4.63913142e-02  2.84543024e-01  7.81869795e-01
  1.03773115e-04  1.35728842e-01  1.94714451e-05 -1.40651952e-01
 -1.22152180e-04  2.37098136e-01  1.20615339e+00  4.41578068e-01
 -4.27550839e-04 -4.15066526e-04  2.80803593e-04  2.17152392e-06
 -1.91415890e-02 -1.45657544e-04 -3.84328108e-04  3.19325043e-01
  6.75833357e-01  5.94815795e-01  9.92034669e-01  8.14581960e-01
  3.06093647e-01  5.82696452e-01  6.71248855e-01  3.04926681e-01
  3.18822625e-04  9.45341902e-05  2.33487830e-05  4.11290432e-01
 -1.80699319e-01  3.44174899e-01  4.54976966e-04  3.78614948e-01
  3.33781569e-01  2.27268343e-05  3.17221937e-04  1.17483030e-04
 -4.00400600e-02 -9.00745674e-06  3.64586366e-01 -2.21633949e-01
 -1.47126104e-05  1.76325913e-04  7.29534916e-01  5.06346792e-01
  8.66936008e-01  9.69606568e-01  1.07972133e+00  9.27922642e-01
  9.46622294e-01  6.80379412e-01  5.42348496e-01  6.38820639e-01
 -1.61648145e-04  4.46445381e-01  7.47027750e-01  6.08217971e-01
  1.20919688e+00  5.55981239e-01  3.73192658e-01  1.14080380e+00
  6.01632433e-01  8.40597376e-01  9.78586779e-01  5.64935031e-01
  1.26313239e+00  7.84198311e-01 -4.23950930e-05  1.02002610e+00
  1.34998317e+00  7.18061016e-01  6.46215235e-01  5.02687813e-01
  1.30563971e+00  8.46234675e-01  1.03828487e+00  1.27527422e+00
  1.07454367e+00  1.14729096e+00  9.96133027e-01  1.22329644e+00
 -2.00644587e-04  5.98384236e-01 -1.03972561e-04  1.04392448e+00
  4.08725785e-01  3.78546627e-01  7.56412238e-01 -2.30278338e-02
 -1.81696743e-02  3.10733828e-01  7.10975584e-01  9.35453849e-01
 -5.23868672e-03 -2.97721392e-04  8.29506063e-01  4.47337988e-01
  7.25075640e-01  7.32426388e-01  6.91875467e-01  6.94742286e-01
  4.40461049e-01  9.56730669e-01  7.02887377e-01  5.83793453e-01
  1.41507934e-01  3.22169623e-01  2.80483179e-01  3.33863499e-01
  5.27594977e-01  2.00568846e-01  5.94198592e-01  3.13628542e-01
  1.12487962e-04  6.39939360e-01  9.30823647e-01  9.50422736e-01
  6.84016909e-01  2.85688691e-01  4.51022091e-01  6.65261354e-01
  4.34387858e-01 -5.50017786e-02  3.41899447e-01  6.64464247e-01
  4.92855594e-01 -3.53460381e-05  3.65866804e-05  1.23456449e+00
  2.18996047e-01  1.24890658e+00  1.31041035e+00  1.34936167e+00
  8.98519745e-01  1.01625409e+00  1.45354453e-01  2.22981591e-01
  2.40981304e-01  6.41583310e-05  1.02175771e+00  1.14145034e-01
  5.88379555e-01  8.72786531e-01  5.30674008e-01  7.05104988e-01
  1.25464246e+00  1.14819893e+00  8.99823996e-01  4.76106637e-01
  8.28471749e-01  1.43442356e+00  5.72716855e-01  1.92092005e-01
  1.03236647e+00  7.34788509e-01  1.36493210e-01  5.37342059e-01
  3.00356121e-01  8.51730550e-01  1.30527629e+00  6.04734143e-01
  1.04711270e+00  2.55953292e-01  6.51083065e-01  5.10894504e-01
  4.09583971e-01 -2.48669234e-04  6.31437278e-01  3.28587175e-01
  6.25678797e-01  5.42522817e-01  3.26122349e-01  6.91443519e-01
  1.00050537e+00  7.39630189e-01 -1.80078542e-04  9.15468728e-01
  1.43640949e+00  1.13711672e+00  1.15107798e+00  8.38710035e-01
  1.16840684e+00  9.68243297e-01  9.36836244e-02  1.00125221e+00
  8.47915398e-01  1.21436103e+00  1.17899688e+00  8.22217349e-01
  6.49208789e-01  9.47331039e-01  8.90881937e-01  2.98348560e-01
  1.07419370e+00 -7.16713901e-01  2.88075266e-01  6.57176975e-01
  6.95109933e-01  6.44350679e-01  2.99784487e-01  8.20924805e-01
  3.02237657e-01  5.80873153e-02  5.58082857e-02  4.48144996e-01
  4.38766908e-01  5.28792155e-01  1.64467715e-01  1.17434071e-01
  7.66544318e-02  5.22285942e-01  6.60994303e-01  5.13537127e-01
  8.92175387e-01  8.20477249e-01  1.22387092e+00  9.18399933e-01
  2.55408149e-01  8.44429162e-01  6.96948058e-01  6.34368642e-01
  7.27393789e-01  6.16317428e-01 -3.39708739e-04  4.63639215e-01
  1.64588494e-01  6.29178744e-01  4.20873805e-01 -9.98017514e-02
  2.53466001e-01  5.05656844e-01  2.84335044e-04  6.22782726e-01
  6.62267974e-01  5.68389624e-01  1.06999138e+00  6.73795247e-01
  6.34913977e-01  8.89688646e-01  1.29742648e-01  1.00783551e+00
  9.65412845e-01  8.33750094e-01  8.15310652e-01 -1.14818159e-04
  4.73356576e-01  7.21229966e-01  8.05867063e-01  8.25942239e-01
  6.19437152e-01  7.99764954e-05  6.93180310e-01  5.51171494e-01
  1.17419112e-01  1.95614405e-01  9.02107439e-02  1.06337097e+00
  8.02984453e-01  3.29088405e-01  1.91360094e-01 -1.44217493e-04
  6.66239173e-01 -1.92873440e-04  2.65875702e-01  2.71514251e-01
  2.55875449e-01  4.16709494e-05  3.00277397e-01 -7.77872070e-02
 -9.49595225e-01  2.44205970e-04  2.80060712e-01  3.17318582e-04
  6.60261630e-01  6.95209215e-01  1.45733175e-01  3.37094424e-04
  2.42708879e-04  1.96964562e-01  1.69608529e-04 -1.98722817e-04
  3.02198249e-01 -1.56308733e-04  5.62485880e-01  1.68843942e-01
  8.50232237e-02  8.77880887e-01  9.25326914e-01 -3.83624950e-05
  8.27041465e-01 -4.72925786e-01  3.91476482e-04  5.95735560e-01
  1.20509292e-01  2.18091064e-04  6.23190197e-01  7.39702257e-02
 -3.46677981e-01 -1.30172409e-04 -1.47583029e-04  9.80762381e-01
  8.32163357e-01  3.26748806e-01  3.20208226e-01  6.66021059e-01
 -1.63541465e+00 -1.32738654e-04  4.32492931e-02 -2.28096339e-01
  1.07796640e+00  6.04102353e-01  9.79909637e-01 -9.28284159e-05
  1.28248591e+00  3.13881345e-04  1.53960258e-01  3.80498895e-01
 -1.07843862e-05  1.43284609e-05  8.13195201e-01  1.15152119e+00
 -5.23107324e-04  7.53165881e-02  3.09177619e-01  4.94501028e-02
  9.00385677e-01  1.94230421e-01  1.35026984e+00  1.76226075e-01
  3.78093466e-01  6.82682989e-02  7.65694894e-01  3.78967174e-05
  5.14995590e-01  9.39327639e-01  1.27589008e+00  3.32153650e-01
  7.89824833e-01  6.08253769e-01  5.78602685e-01  6.44471414e-01
  8.81040325e-01  7.17465992e-01  8.97159396e-01  4.06298634e-01
  7.57815264e-01  1.15864505e+00  9.49310155e-01 -5.96827368e-01
  3.70795929e-01  7.33952053e-01  1.13326477e-01  1.68161529e-01
  8.88373994e-01  1.06355186e+00  4.30688791e-01  1.00138418e+00
  8.64984960e-01  2.73206714e-01 -3.33858857e-04  3.83957285e-01
  4.39498359e-01  7.52723766e-01  5.78654136e-01  8.20531027e-01
  3.88192447e-01  6.06900094e-01  1.44370310e-02  2.37284442e-01
  2.79350608e-05  2.23977566e-01  9.76287455e-01  8.63040315e-02
  5.31493997e-01  7.68643088e-01  2.91716276e-01  9.32219214e-01
  5.17357674e-01  7.31754540e-01  9.71679605e-01  4.48150558e-01
  7.35592219e-01  9.36153839e-01  4.52158794e-02  7.86369510e-01
  5.46718986e-01  1.15886383e+00  2.82229503e-01  6.43385557e-01
  1.29464509e+00  8.08916588e-01  7.63872772e-01  7.43553841e-01
  1.06602359e+00  9.01951193e-03  1.04958173e+00  5.72719671e-01
  5.10012635e-01  3.25710922e-01  4.37271678e-01  5.65789313e-01
  8.21027054e-01  9.83326055e-01  9.54937072e-01  7.23042759e-01
  1.29973851e-04  8.54492243e-01  1.90913854e-01  5.75130720e-02
  1.07675124e+00  6.21856639e-01  2.56101734e-01  5.28867341e-01
 -7.69591215e-05  4.76654561e-01  6.55149227e-01  4.85671128e-01
  2.26260264e-01  5.54824706e-01  6.71130668e-01  1.79964986e-01
  5.00517076e-01  5.22686256e-01  3.86470991e-01  2.63798909e-04
  1.88019512e-04  6.40105219e-01  3.14166263e-01  2.50507957e-01
  5.83082442e-01 -9.94642901e-05  7.00815178e-01  4.96474398e-01
  3.36048608e-01  2.26358332e-01  6.73731154e-01  4.14660453e-01
 -7.85245718e-02  4.13411582e-01  2.36507765e-02  6.02064583e-01
  1.21463554e-02 -1.80537863e-04  1.03396096e-01  5.10224022e-01
 -1.28733518e-04  4.73198095e-01  7.47414986e-01  7.42853279e-01
  6.11964342e-01  4.44649812e-01  8.45472079e-01  5.15542273e-01
  4.35145067e-01  4.87153695e-01  6.66129998e-01  4.80128998e-01
  6.21461152e-01  5.66796300e-01  2.92474612e-01  3.63621293e-04
  8.02978330e-05  2.79009451e-01  7.96196244e-01  6.18962487e-01
  7.22901713e-01  2.75265705e-01  5.42670468e-01  9.73084422e-01
  7.48998489e-01  6.15013489e-01  8.68866726e-01  4.57754730e-01
  7.73766582e-01  7.28612849e-01  4.81162780e-01  2.52458154e-01
  7.82292522e-01  2.03293098e-01  4.99350894e-01  8.87038936e-01
  7.55636520e-01  4.51231429e-01  1.90263837e-01  7.82438899e-01
  3.94171767e-01  2.28864181e-01 -6.83238898e-05  9.79197263e-05
 -3.45855868e-01 -4.23192936e-05  5.22487040e-02  1.17950565e-01
  4.64507203e-01 -2.49639624e-04  3.23676485e-01  6.45494209e-01
  6.23907572e-01  4.99672526e-01  1.74198998e-01  4.41909247e-01
  4.83486485e-01  4.45376659e-01  6.48877959e-01  5.74964196e-01
  9.05621993e-02  4.54166746e-01  2.67047280e-04  3.05712201e-01
  2.54264750e-01  6.36615376e-03  7.32881610e-02  3.54702948e-01
  2.95389469e-04 -9.69974453e-02  1.16303446e-01  9.27418497e-05
 -8.70520008e-02  4.04666062e-01  2.30312782e-02  2.93199771e-01
  3.05268965e-01 -3.83528607e-05  3.74498665e-04 -2.84904071e-04
  2.88374549e-05  5.89792452e-01  1.03646551e+00  4.29729495e-02
  3.95873466e-01  7.42818336e-01  6.69959648e-01  7.51237714e-01
  8.41980564e-01 -4.54508881e-01  7.52565641e-01 -4.81628486e-02
  2.29169705e-01  5.52462495e-01  1.37364153e-01  4.28261039e-02
  1.53165315e-05  2.59811291e-01  1.10488188e+00  9.54843195e-01
  6.26021431e-01  9.18073558e-01  2.86729334e-02  2.28081852e-01
  3.08798250e-01 -1.34878601e-04  6.72373280e-01  2.46673455e-01
 -4.92684450e-01 -1.10403664e+00 -2.93140659e-04 -3.93229711e-05
 -4.77351834e-01  5.61927147e-01 -4.20238907e-04  2.27795065e-01
  2.76197813e-01  5.24021669e-02 -2.29840347e-01  1.13137569e+00
 -4.64883364e-01  4.45680489e-01  6.26740027e-02  4.55028829e-01
 -4.37686595e-01  1.39357133e-02 -3.12638635e-04  2.05541564e-01
 -2.49132951e-01  3.47693815e-02 -1.45244658e-01 -1.63708924e-04
  4.12394283e-01 -6.90285531e-05  3.85021393e-04 -1.78465712e-04
  4.54431610e-05 -2.65890482e-01 -9.39023900e-05 -1.12814271e+00
  2.55420626e-04  4.70117684e-04 -3.15517440e-01 -9.68534033e-01
  1.55785833e-04 -5.22347655e-02 -1.11871036e-02 -4.47310578e-01
  1.66940531e-01 -4.53733913e-02  8.17371494e-05  3.94470818e-04
  4.53387792e-05  6.89371426e-01 -3.82241650e-01 -1.00757622e-05
  3.06672453e-01  3.52402619e-01 -1.94730218e-04  1.00747279e-04
 -2.47784724e-04  3.22520363e-04 -6.16154034e-06  9.03496475e-02
  4.25494841e-04 -1.53697135e-01 -5.81315111e-01 -1.32492320e+00
 -7.47173575e-01 -3.44307037e-01 -6.20952702e-01  1.25399659e-01
 -6.98592497e-01 -7.48202487e-01 -1.36925809e+00 -8.76220336e-01
  1.74537625e-04  4.13919760e-01 -9.63045189e-02 -2.64330577e-02
 -5.24661560e-02 -4.51306681e-04  1.22947255e-01  3.92602815e-01
  2.32711951e-01 -1.68224835e-04 -2.51755720e-05 -2.60071116e-01
 -3.37616968e-04 -3.42724925e-01  6.36302977e-01 -5.09728494e-05
 -9.48497549e-02  5.58334904e-01 -1.09388385e-01 -4.26608939e-01
 -1.90880177e-04 -6.35320765e-02 -3.64925739e-05 -2.40902184e-04
 -1.36650327e-04 -2.42608136e-01 -3.60410213e-04  7.08366175e-01
  7.69443940e-05 -5.14070037e-01 -3.99260060e-01  2.83366901e-04
  5.56547794e-02 -5.96405353e-01 -3.07670079e-04  4.95422173e-01
 -9.87457088e-02  4.98916810e-01  9.74622380e-05  6.47051191e-01
  8.87444835e-02 -1.49090377e+00 -1.14728680e-04 -1.18418594e-04
 -6.83587906e-01  1.70836252e-01  6.44724016e-01 -9.11635853e-02
  1.32030809e-04  1.30216550e-04 -2.93991505e-01 -2.29121852e-04
 -9.01696792e-01 -8.60153006e-01  5.77182965e-01  1.72973735e-04
  1.77468586e-01  7.83475706e-01 -3.12704552e-01  1.96060806e-04
  5.21382618e-01  5.31039542e-01 -4.12042874e-04  2.90671263e-01
 -2.46339544e-05  1.47530030e+00 -5.30407089e-05  4.35947121e-01
 -5.70470687e-01  3.13963169e-04  2.15588473e-01 -5.62146788e-01
  3.29043593e-02  1.72722703e-01 -2.82229646e-04 -4.36520497e-01
 -2.62551860e-01 -1.09999374e+00 -1.17155423e+00 -6.01142051e-01
 -1.08786921e-01  1.02062074e-04  5.20970423e-02 -4.96041219e-01
 -1.47239074e-01 -3.29969917e-04  2.02086216e-01  2.09517996e-01
 -9.65331271e-02  1.02683906e+00  1.68472960e-01  5.47853874e-02
 -7.78075005e-05 -4.79807655e-05 -1.54837910e+00  3.90854783e-01
 -4.62270563e-05  4.46646008e-01  1.29027936e-04  3.86877012e-04
  1.71398632e-01  4.84362327e-01 -3.21454156e-02 -2.13116473e-04
 -2.78581727e-01 -7.42936810e-01  4.63805414e-01 -1.19362925e+00
 -2.34751924e+00 -1.76337600e+00 -8.45455749e-01  5.62296274e-05
 -9.27908841e-02 -9.41716097e-01 -1.00232092e+00 -1.75545205e+00
 -1.54816299e-01  3.07991415e-01  3.02700246e-05 -2.21960369e-01
  1.29412923e-01 -1.92274891e-02 -1.71607472e-01  1.71765401e-02
  4.43254367e-04 -2.59445969e+00 -2.31015813e+00 -2.22199270e+00
  7.60144514e-01  2.42781145e-04 -2.00915861e-01 -4.04202726e-01
  2.86624196e-01 -1.89319064e-04  1.35624267e-01  3.14771172e-01
  1.09608847e-02  4.50113959e-02  3.74425977e-04]
