param settings:LocalOutlierFactor(algorithm='auto', contamination=0.2, leaf_size=30,
          metric='minkowski', metric_params=None, n_jobs=None,
          n_neighbors=35, novelty=False, p=2)
cluster_thresh:
feature select:['ori']
precision: {'precision_b1': 0.4833, 'precision': 0.8512, 'acc': 0.7775, 'recall_b1': 0.4485, 'recall': 0.8681, 'false_alert_b1': 0.5166999999999999, 'miss_alert_b1': 0.5515, 'false_alert': 0.14880000000000004, 'miss_alert': 0.13190000000000002, 'intersect_1': 612, 'intersect_b1': 87}
all_predict:
sum:899
1 class :719
[15, 16, 17, 18, 20, 21, 22, 23, 24, 25, 26, 27, 28, 29, 30, 31, 32, 33, 38, 39, 43, 44, 45, 46, 47, 54, 55, 56, 57, 58, 59, 60, 61, 62, 63, 64, 65, 66, 67, 68, 69, 70, 71, 72, 73, 74, 75, 76, 77, 78, 79, 80, 81, 82, 83, 84, 85, 86, 87, 88, 89, 90, 91, 92, 93, 94, 95, 96, 97, 98, 99, 100, 101, 102, 103, 104, 105, 106, 107, 108, 109, 110, 111, 112, 113, 114, 115, 116, 117, 118, 119, 120, 121, 122, 123, 124, 125, 126, 127, 128, 129, 130, 131, 132, 133, 134, 135, 136, 137, 138, 139, 140, 141, 142, 143, 144, 145, 146, 147, 148, 149, 150, 151, 152, 153, 154, 155, 156, 157, 158, 159, 160, 161, 162, 163, 164, 165, 166, 167, 168, 169, 170, 171, 172, 173, 174, 175, 176, 177, 178, 179, 180, 181, 182, 183, 184, 185, 186, 187, 188, 189, 190, 191, 192, 193, 194, 195, 196, 197, 198, 199, 200, 201, 202, 204, 205, 206, 207, 208, 209, 210, 211, 212, 213, 214, 215, 216, 217, 218, 219, 220, 221, 222, 223, 224, 225, 226, 227, 243, 244, 245, 246, 247, 248, 249, 250, 251, 252, 253, 254, 255, 256, 257, 258, 259, 260, 261, 262, 263, 264, 265, 266, 267, 268, 269, 270, 271, 272, 273, 274, 275, 276, 277, 278, 279, 280, 281, 282, 283, 284, 285, 286, 287, 288, 289, 290, 291, 292, 294, 295, 296, 297, 298, 299, 300, 301, 302, 303, 304, 305, 306, 307, 308, 309, 310, 311, 312, 313, 314, 315, 316, 317, 318, 319, 320, 321, 322, 323, 324, 325, 326, 327, 328, 329, 330, 331, 332, 333, 334, 335, 336, 337, 338, 339, 340, 341, 342, 343, 344, 345, 346, 347, 348, 350, 351, 352, 353, 354, 355, 356, 357, 358, 359, 360, 369, 370, 371, 372, 373, 374, 375, 376, 377, 378, 379, 380, 381, 382, 383, 384, 385, 386, 387, 388, 389, 390, 391, 392, 393, 394, 395, 396, 397, 398, 399, 400, 401, 402, 403, 404, 405, 406, 407, 408, 409, 410, 411, 412, 413, 414, 415, 416, 417, 418, 419, 420, 421, 422, 423, 424, 425, 426, 427, 428, 429, 430, 431, 432, 433, 434, 435, 436, 437, 438, 439, 440, 441, 442, 443, 444, 445, 446, 447, 448, 449, 450, 451, 452, 453, 454, 455, 456, 457, 458, 459, 460, 461, 462, 463, 464, 465, 466, 467, 480, 481, 486, 487, 488, 489, 490, 492, 493, 503, 509, 515, 516, 517, 518, 519, 521, 522, 523, 524, 525, 526, 527, 529, 530, 531, 532, 533, 534, 535, 536, 537, 538, 540, 542, 544, 545, 546, 547, 548, 549, 550, 551, 552, 553, 554, 555, 556, 557, 558, 559, 560, 570, 572, 582, 583, 587, 588, 589, 590, 591, 592, 593, 594, 595, 596, 597, 598, 599, 600, 601, 602, 603, 604, 605, 608, 609, 610, 611, 613, 614, 616, 617, 618, 619, 620, 621, 622, 623, 624, 625, 626, 627, 628, 629, 630, 631, 632, 633, 634, 635, 636, 637, 638, 639, 640, 641, 642, 643, 644, 645, 646, 647, 648, 649, 650, 651, 652, 653, 654, 655, 656, 657, 658, 659, 660, 661, 662, 663, 664, 665, 666, 667, 668, 669, 670, 671, 672, 673, 674, 675, 676, 677, 678, 679, 680, 681, 682, 683, 684, 685, 686, 687, 688, 689, 690, 691, 692, 693, 694, 695, 696, 697, 699, 700, 701, 702, 703, 704, 705, 706, 707, 708, 709, 710, 711, 712, 713, 714, 715, 717, 718, 725, 726, 732, 734, 735, 736, 737, 742, 743, 746, 747, 748, 749, 750, 751, 752, 755, 774, 785, 786, 787, 788, 789, 790, 791, 792, 793, 794, 795, 796, 797, 798, 799, 800, 801, 802, 803, 804, 805, 806, 807, 808, 809, 810, 811, 812, 813, 815, 817, 818, 819, 820, 822, 823, 824, 825, 826, 827, 828, 829, 830, 831, 832, 833, 834, 840, 841, 842, 843, 844, 845, 847, 848, 849, 850, 851, 852, 853, 854, 855, 856, 857, 858, 859, 860, 861, 862, 863, 864, 865, 866, 867, 868, 869, 870, 871, 872, 873, 874, 875, 876, 877, 878, 879, 880, 881, 882, 883, 884, 885, 886, 887, 888, 889, 890, 891, 892, 893, 894, 895, 896, 897, 898, 899]
-1 class :180
[1, 2, 3, 4, 5, 6, 7, 8, 9, 10, 11, 12, 13, 14, 19, 34, 35, 36, 37, 40, 41, 42, 48, 49, 50, 51, 52, 53, 203, 228, 229, 230, 231, 232, 233, 234, 235, 236, 237, 238, 239, 240, 241, 242, 293, 349, 361, 362, 363, 364, 365, 366, 367, 368, 468, 469, 470, 471, 472, 473, 474, 475, 476, 477, 478, 479, 482, 483, 484, 485, 491, 494, 495, 496, 497, 498, 499, 500, 501, 502, 504, 505, 506, 507, 508, 510, 511, 512, 513, 514, 520, 528, 539, 541, 543, 561, 562, 563, 564, 565, 566, 567, 568, 569, 571, 573, 574, 575, 576, 577, 578, 579, 580, 581, 584, 585, 586, 606, 607, 612, 615, 698, 716, 719, 720, 721, 722, 723, 724, 727, 728, 729, 730, 731, 733, 738, 739, 740, 741, 744, 745, 753, 754, 756, 757, 758, 759, 760, 761, 762, 763, 764, 765, 766, 767, 768, 769, 770, 771, 772, 773, 775, 776, 777, 778, 779, 780, 781, 782, 783, 784, 814, 816, 821, 835, 836, 837, 838, 839, 846]

score : [-1.92651465 -1.63364022 -1.04537686 -1.01537216 -1.04022661 -1.02616122
 -1.0434943  -1.01941637 -1.06310586 -1.03244185 -1.0615031  -1.01494207
 -1.64384641 -1.14899353 -1.11163002 -1.10495732 -1.13039935 -1.09979428
 -1.07806125 -1.05156527 -1.01317453 -1.00555016 -1.14119521 -1.51410227
 -1.02665605 -1.02829196 -1.02712478 -1.04267048 -1.09035438 -1.01692563
 -1.11315665 -1.0361726  -1.06984487 -1.00619292 -1.5609678  -0.98460094
 -1.03538307 -0.98414812 -0.98541351 -1.01127281 -1.03312786 -1.03239239
 -1.04398518 -1.06060567 -1.03288988 -1.43830846 -1.03750594 -1.00084595
 -1.00135864 -1.00685418 -0.99335693 -1.00680022 -1.0009776  -0.9814209
 -1.0156387  -1.07351841 -1.36416858 -1.05123858 -1.16190103 -1.09242758
 -1.17841969 -1.13223069 -1.03570438 -1.11948734 -1.07217865 -1.08909373
 -1.03108048 -1.23421607 -1.0139668  -0.9876388  -0.9906553  -0.99056156
 -0.97225209 -0.97024932 -0.97384028 -0.98113634 -0.97430032 -0.98492747
 -1.24745832 -0.97364943 -0.97973793 -0.97419031 -0.96948047 -0.96862649
 -0.97445179 -0.97161108 -0.97662311 -0.97362825 -0.99281741 -1.29874319
 -0.97402849 -1.00582064 -1.00305978 -1.01272096 -1.02987423 -1.05214805
 -1.0645769  -1.07056711 -1.01983177 -1.05034576 -1.43232888 -1.01537085
 -1.02606332 -1.01287148 -1.05286374 -1.06835124 -1.08977444 -1.17633475
 -1.23419099 -1.3165557  -1.21795683 -1.81117421 -1.38167044 -1.10410494
 -1.10558038 -1.3397615  -1.48032284 -1.07298589 -1.01874706 -0.9812837
 -1.0011233  -0.99548451 -1.02971422 -1.1181457  -1.12786223 -1.19412199
 -1.24256308 -1.06179942 -1.02796175 -1.02480306 -1.01104802 -1.0005208
 -0.9896808  -0.98900536 -1.10188485 -0.98309416 -0.98085865 -0.98264258
 -0.99132634 -1.02205485 -1.05885291 -1.2238193  -1.28767246 -1.46472708
 -1.63163037 -1.14378804 -1.78603227 -1.64745303 -2.4306696  -2.28296711
 -2.04607663 -1.92841859 -1.99262263 -2.07844973 -1.99105118 -2.64738053
 -1.25561318 -3.31869069 -3.36038203 -2.67525993 -1.39978827 -1.13332466
 -1.03664316 -1.03600812 -1.03383414 -1.02792209 -1.02026933 -1.17985079
 -1.01475392 -1.01106564 -1.00693908 -1.00191625 -1.0041798  -1.00439521
 -1.00455391 -1.00509301 -1.00495396 -1.00664177 -1.20509684 -1.00792569
 -0.99839413 -1.10797804 -1.25340017 -1.38557131 -1.3068501  -1.34787002
 -1.33205078 -1.19983644 -1.15531449 -0.98301915 -1.12063555 -1.10265399
 -1.13317736 -1.15624778 -1.14747727 -1.04319579 -1.09021036 -1.03063713
 -1.04770081 -1.06774228 -1.00198769 -0.99892665 -1.03960365 -1.04771942
 -0.98806201 -0.99285852 -1.07435789 -1.01111284 -1.07982088 -1.14157153
 -1.15143988 -1.00152697 -1.16199709 -1.22666238 -1.24959129 -1.40951208
 -1.1998699  -1.15408274 -1.20010189 -1.22214378 -1.23177578 -1.19708259
 -1.50841317 -1.12389044 -1.17830979 -1.08764737 -1.05821268 -1.07374113
 -1.15608831 -1.11136863 -1.14389049 -1.08163169 -1.13697265 -1.15038028
 -1.15556436 -1.10895686 -1.17088135 -1.08392424 -1.11697194 -1.17330691
 -1.16338112 -1.17275294 -1.14338473 -1.15387503 -1.12775358 -1.20791698
 -1.1052599  -1.19881843 -1.14000208 -1.11864288 -1.18260112 -1.1001698
 -1.08564832 -1.09011045 -1.08665415 -1.09038236 -1.39259455 -1.14410584
 -1.08922956 -1.16227036 -1.09585687 -1.08592062 -1.11051811 -1.09495673
 -1.18140174 -1.15889623 -1.08379549 -1.47858267 -1.16728891 -1.17796757
 -1.21531933 -1.11340976 -1.09300962 -1.21972592 -1.12014538 -1.11679202
 -1.33068348 -1.40997626 -1.48312153 -1.22325329 -1.28855099 -1.30358495
 -1.17492781 -1.21238102 -1.19292023 -1.2796523  -1.14530229 -1.2923866
 -1.28832309 -1.47530667 -1.33384924 -1.50497799 -1.44074414 -1.77946359
 -2.24749586 -1.92219282 -1.65277158 -1.76744289 -1.75746015 -1.39846541
 -1.46130701 -1.36207164 -1.35572915 -1.37673086 -1.31882832 -1.31808173
 -1.27653666 -1.34968024 -1.35827492 -1.31535191 -1.35792916 -1.19170244
 -1.37524417 -1.35007199 -1.37335367 -1.07876785 -1.00387916 -1.00768816
 -1.08664601 -1.08288958 -1.07164517 -1.09446927 -1.29470002 -1.09059485
 -1.05170243 -1.07086575 -1.0079049  -1.23646548 -0.9891719  -0.99440668
 -1.01544132 -1.04535915 -1.02321692 -1.57189198 -1.50027022 -1.01279043
 -0.97835131 -1.01361249 -0.96864539 -0.96153835 -0.98076801 -0.98678289
 -0.98506928 -0.9767393  -0.9792384  -1.68464776 -0.96406571 -0.98408548
 -0.98870153 -0.98251015 -0.96379496 -0.96293266 -0.98067629 -0.96153918
 -0.95980558 -0.96449541 -1.54637323 -0.98373139 -0.97272662 -0.98857705
 -0.96265076 -0.99425847 -0.98539511 -1.01421304 -1.01462846 -1.05398978
 -1.05736738 -1.23053927 -1.10125082 -1.09649351 -1.11077736 -1.09880288
 -1.10299365 -1.11431911 -1.09634182 -1.02795675 -1.01413184 -1.00889344
 -1.15884511 -1.00521853 -1.01819867 -1.3415749  -1.01633874 -1.09438471
 -1.05243373 -1.11172274 -1.11951723 -1.00307661 -0.98327408 -1.23645216
 -0.99970171 -1.02183303 -0.98309971 -0.97202959 -0.98884797 -0.97451877
 -0.97743682 -0.97610971 -0.98884065 -1.00398441 -1.19213064 -1.04521356
 -1.06264628 -1.07976256 -1.08429632 -1.104757   -1.13127716 -1.31990195
 -1.09167448 -1.75114705 -1.90016746 -1.2998372  -1.90677956 -1.90783569
 -1.90990456 -1.91335729 -1.91370018 -1.82916212 -1.71589113 -1.56995607
 -1.6463365  -1.79721943 -1.51216725 -1.35781574 -1.24722968 -2.47836053
 -4.33597663 -4.87448721 -1.71104191 -1.11873431 -1.12526489 -1.19364866
 -1.3145612  -1.44987502 -1.29579222 -1.82601406 -1.20559764 -1.13102656
 -3.09412391 -2.78586846 -2.40813436 -2.37706523 -2.58350489 -3.75811663
 -1.79938078 -1.54632368 -5.86683545 -5.21273012 -2.63019004 -1.04757996
 -1.6568774  -1.65742156 -1.53470053 -1.93480841 -2.01998528 -1.12362169
 -1.61895918 -5.1589851  -5.3068353  -4.6404037  -1.78596952 -1.66441659
 -1.1136121  -1.16355912 -1.01569407 -1.04864855 -0.97437222 -1.94077616
 -1.41806175 -1.09966659 -1.22960637 -1.178149   -1.06898139 -1.14035357
 -1.17185598 -1.14801688 -2.10692727 -1.21246129 -1.79798859 -1.18269446
 -1.22001948 -1.09136982 -0.98698223 -1.00823081 -0.9829906  -1.2984693
 -1.08116391 -1.17363013 -1.51781074 -1.23165173 -1.37331024 -1.65473882
 -1.31712387 -1.47623459 -1.09824476 -1.03872499 -0.99693593 -0.9919746
 -1.12353443 -1.35561008 -1.13315574 -1.20175756 -1.21082002 -1.30631061
 -1.24827948 -1.23386714 -1.25303704 -1.33376817 -1.14010821 -1.07905135
 -1.17271387 -1.01567432 -1.16166457 -1.4388295  -2.10025782 -3.18182003
 -3.03525781 -3.72210975 -3.09594341 -3.40872022 -1.74967469 -2.52634593
 -1.04331929 -1.3868269  -1.59035325 -1.27313912 -3.39715562 -3.3949795
 -3.14647016 -3.28287446 -3.08012211 -3.09463677 -3.07087038 -1.09558174
 -2.48874942 -1.9897669  -1.15865308 -1.16636307 -1.56876345 -2.16895938
 -2.10844173 -1.2419488  -1.40394433 -1.38511969 -1.09932429 -1.2788018
 -1.21618438 -1.24310664 -1.1447167  -1.24402998 -1.20430313 -1.21277811
 -1.19727103 -1.1983932  -1.14157285 -1.61184834 -1.08348106 -1.28485245
 -1.26268241 -1.16392393 -1.15470424 -1.11266721 -1.2609     -1.45418906
 -1.53532008 -1.32600393 -1.35556908 -1.02220281 -1.16321369 -1.37917354
 -1.43393632 -1.19564542 -1.09159308 -1.41602788 -1.11054108 -1.04603536
 -1.14839189 -1.22599701 -1.01522588 -1.24892736 -1.13321742 -1.03935075
 -1.00979443 -1.00495167 -1.02765571 -1.0304911  -1.04346574 -1.12327398
 -1.06046079 -1.03975188 -1.03173375 -1.07271961 -0.99606124 -1.00100504
 -1.03065675 -1.02130838 -0.9871658  -0.98205831 -0.9872503  -0.98351832
 -0.99195871 -0.9821986  -0.98253622 -0.9936638  -1.00714818 -0.99593398
 -0.99847512 -1.019279   -1.00502575 -1.03169309 -1.02247063 -1.02020944
 -0.99677709 -0.9951684  -0.9961148  -0.99982989 -1.03087177 -0.98729295
 -0.9729002  -0.9787612  -0.97887664 -0.99039852 -1.00976226 -0.97407855
 -0.98315864 -0.96932991 -0.97624896 -0.97129889 -0.97034603 -1.0030666
 -1.01739421 -0.98959695 -0.9878688  -1.06524716 -0.98248773 -0.99425895
 -0.99651462 -0.9831571  -1.00417266 -1.00885233 -1.00392204 -0.98911648
 -0.99477182 -0.99184193 -1.00585046 -1.00031061 -1.00996281 -0.98704314
 -1.00156058 -0.9876566  -0.99546545 -0.99671321 -1.00846727 -1.00728881
 -1.07398701 -1.02448391 -1.04069079 -1.04649499 -1.07096519 -1.0712663
 -1.11807289 -1.22924142 -1.34336929 -1.36960681 -1.51296207 -1.22935602
 -1.56664691 -0.98863385 -1.27806365 -1.27892183 -1.21869628 -1.19739548
 -1.10828063 -1.17681651 -1.32797978 -1.00167919 -1.00015663 -1.26983242
 -1.02862845 -1.26830271 -1.27851874 -1.25969348 -1.35244533 -1.26226655
 -1.20118477 -2.99454998 -1.29111815 -1.19973099 -1.41786941 -1.00726963
 -1.55587772 -1.54596496 -1.48906745 -2.77228936 -1.973557   -1.15399508
 -1.00415805 -4.68639918 -2.24110365 -2.08805545 -1.03164562 -2.18438914
 -2.50199319 -0.99604256 -1.89395541 -1.04944768 -1.03620951 -1.0145287
 -1.06296157 -1.79523759 -1.7054725  -1.03746318 -1.84186506 -1.73995103
 -1.32324945 -1.39543379 -1.61684655 -1.82650346 -1.01209263 -1.05692176
 -1.02334657 -0.99922234 -1.04319267 -0.99428766 -0.99037316 -0.99439435
 -2.4627535  -5.57074449 -0.99687502 -2.38908885 -2.34116344 -2.35430472
 -2.013598   -1.06148463 -2.17520931 -1.95768792 -1.98443442 -1.92694521
 -2.08512582 -2.66024911 -2.93583261 -2.78429466 -2.18345799 -1.89389908
 -1.2049938  -1.52678618 -1.43376712 -2.00318862 -1.50642528 -0.99645476
 -1.8438098  -1.94261273 -2.1461958  -1.83149279 -4.32856378 -1.15025126
 -3.17614702 -4.08305308 -3.79967446 -3.37782423 -1.41416239 -1.10488962
 -1.01186523 -0.98230997 -0.99797739 -1.00597213 -1.1682862  -1.00617253
 -0.98109778 -0.98040651 -1.00026032 -1.01100705 -1.21455444 -1.27119432
 -1.37704375 -1.13665623 -1.03443115 -1.50817566 -1.14978439 -1.03449535
 -1.01319704 -1.05182052 -1.0568089  -1.03762753 -1.14216155 -1.13785803
 -1.08716448 -1.09789877 -1.09664139 -1.08848116 -1.10636801 -1.21378131
 -1.26672345 -1.12790727 -1.43374077 -1.31002202 -1.65135803 -1.23486796
 -1.17009675 -1.19835043 -1.17037644 -1.34534984 -1.40770141 -1.30203666
 -1.37170094 -1.26493121 -1.25290597 -1.29138268 -1.22612842 -1.2656458
 -1.29662619 -1.16687891 -1.31629986 -1.24112617 -1.24962239 -1.21755205
 -1.32431062 -1.49090361 -1.55008384 -1.46382292 -1.4928636  -1.42746058
 -1.07927555 -1.28137053 -1.39818963 -1.3102464  -0.99013796 -0.99353499
 -0.99296283 -1.4042279  -0.99422578 -0.99265378 -0.99363711 -1.06098744
 -0.99279867 -0.99118735 -0.99086867 -0.99040624 -0.99321357 -0.99455985
 -0.99477844 -0.99493407 -0.99477083 -0.99462781 -1.03770458 -0.9970159
 -0.99072382 -0.97851147 -0.97487936 -0.9666807  -0.97389693 -0.96660707
 -0.99264133 -0.99294569 -1.01373509 -1.04517018 -1.0241179  -1.02888747
 -1.03302085 -1.037388   -1.04083028 -1.04086609 -1.04191026 -1.04313312
 -1.04512155 -1.06264427 -1.1642886  -1.06423414 -1.0669481  -1.0488502
 -1.04660962 -1.04318815 -1.04325761 -1.04098152 -1.03515828 -1.02736997
 -1.02643297 -1.09842371 -1.02480831 -1.02608767 -1.02427855 -1.02661555
 -1.01402332 -1.02289074 -1.02431538 -1.03975908 -1.03002326 -1.02814976
 -1.69234464 -1.12185447 -1.11451697 -1.16485503 -1.1823346  -1.20405757
 -1.2070473  -1.12553768 -1.08046409 -1.0945697  -1.09615398]
