param settings:LocalOutlierFactor(algorithm='auto', contamination=0.2, leaf_size=30,
          metric='minkowski', metric_params=None, n_jobs=None,
          n_neighbors=35, novelty=False, p=2)
cluster_thresh:
feature select:['lbp']
precision: {'precision_b1': 0.4056, 'precision': 0.8317, 'acc': 0.7464, 'recall_b1': 0.3763, 'recall': 0.8482, 'false_alert_b1': 0.5944, 'miss_alert_b1': 0.6236999999999999, 'false_alert': 0.1683, 'miss_alert': 0.15180000000000005, 'intersect_1': 598, 'intersect_b1': 73}
all_predict:
sum:899
1 class :719
[6, 7, 8, 9, 10, 11, 12, 13, 14, 15, 16, 17, 18, 19, 20, 21, 22, 23, 24, 25, 26, 27, 28, 29, 30, 31, 32, 33, 34, 35, 36, 37, 38, 39, 40, 41, 42, 43, 44, 45, 46, 47, 48, 49, 50, 51, 52, 53, 54, 55, 56, 57, 58, 59, 60, 61, 62, 63, 65, 66, 70, 71, 72, 73, 74, 75, 87, 88, 89, 93, 94, 95, 96, 97, 98, 99, 101, 104, 105, 106, 107, 108, 109, 110, 111, 112, 113, 114, 115, 116, 121, 123, 124, 125, 126, 127, 128, 129, 130, 131, 132, 133, 134, 135, 136, 137, 138, 139, 140, 141, 142, 143, 144, 145, 146, 147, 148, 149, 150, 151, 152, 153, 154, 155, 156, 157, 158, 159, 160, 161, 162, 163, 164, 165, 166, 167, 168, 169, 170, 171, 172, 173, 174, 175, 176, 177, 178, 179, 180, 181, 183, 184, 185, 186, 187, 188, 189, 190, 191, 192, 194, 195, 196, 197, 198, 199, 200, 201, 202, 203, 204, 205, 206, 207, 208, 209, 210, 211, 212, 213, 224, 225, 226, 229, 230, 231, 232, 233, 234, 236, 238, 239, 240, 241, 242, 243, 244, 245, 246, 247, 248, 249, 250, 251, 252, 253, 254, 255, 256, 257, 258, 259, 261, 262, 263, 264, 265, 266, 267, 268, 269, 270, 271, 272, 273, 274, 275, 276, 277, 278, 279, 280, 281, 282, 283, 284, 286, 287, 288, 289, 290, 291, 292, 293, 294, 295, 296, 297, 298, 299, 300, 301, 302, 305, 306, 307, 309, 310, 311, 312, 313, 314, 315, 316, 317, 318, 319, 320, 321, 322, 323, 324, 325, 327, 328, 329, 330, 331, 332, 333, 335, 336, 341, 342, 343, 344, 345, 351, 352, 353, 354, 355, 356, 357, 358, 359, 360, 361, 362, 363, 364, 365, 366, 367, 368, 369, 370, 371, 372, 373, 374, 375, 376, 377, 378, 379, 380, 381, 382, 383, 384, 385, 386, 387, 388, 389, 390, 391, 392, 393, 394, 395, 396, 397, 398, 399, 400, 401, 402, 403, 404, 405, 406, 407, 408, 409, 410, 411, 412, 413, 414, 415, 416, 417, 418, 419, 420, 421, 422, 423, 424, 425, 426, 427, 428, 429, 430, 431, 433, 434, 435, 436, 437, 438, 439, 440, 441, 442, 443, 444, 445, 446, 447, 448, 449, 450, 451, 452, 453, 454, 455, 456, 457, 458, 459, 460, 461, 462, 463, 464, 465, 469, 470, 471, 472, 473, 474, 475, 476, 477, 478, 480, 481, 482, 483, 484, 485, 486, 487, 488, 489, 490, 491, 495, 496, 497, 498, 499, 502, 503, 504, 505, 506, 507, 508, 509, 510, 511, 512, 513, 514, 515, 516, 517, 518, 519, 520, 521, 522, 524, 525, 526, 527, 528, 529, 530, 531, 532, 533, 534, 535, 536, 537, 539, 542, 543, 544, 545, 546, 547, 550, 551, 552, 553, 554, 556, 557, 558, 559, 560, 561, 563, 564, 565, 566, 568, 569, 570, 571, 572, 573, 574, 575, 576, 577, 578, 579, 580, 581, 582, 583, 584, 585, 586, 587, 588, 589, 590, 591, 592, 593, 594, 595, 596, 597, 598, 599, 600, 601, 602, 603, 604, 608, 609, 610, 612, 613, 614, 615, 616, 617, 619, 620, 623, 624, 626, 627, 628, 629, 630, 631, 632, 633, 634, 635, 636, 637, 638, 639, 640, 641, 642, 643, 644, 645, 646, 647, 648, 649, 650, 651, 652, 653, 654, 655, 656, 657, 658, 659, 660, 661, 662, 666, 667, 668, 669, 670, 671, 672, 673, 674, 675, 676, 677, 678, 679, 680, 681, 682, 683, 684, 685, 686, 687, 688, 691, 694, 697, 698, 699, 700, 701, 702, 703, 704, 706, 707, 708, 709, 710, 711, 712, 713, 714, 715, 716, 717, 718, 719, 720, 721, 722, 724, 725, 726, 727, 728, 729, 730, 731, 732, 734, 735, 736, 738, 744, 746, 747, 752, 753, 756, 757, 758, 759, 760, 761, 762, 763, 764, 765, 766, 767, 768, 769, 770, 771, 772, 801, 802, 814, 815, 816, 817, 820, 821, 822, 824, 825, 827, 831, 832, 834, 835, 836, 837, 838, 839, 840, 841, 842, 843, 844, 845, 846, 847, 849, 850, 851, 852, 855, 856, 857, 858, 859, 860, 861, 862, 863, 864, 865, 866, 867, 868, 869, 870, 871, 872, 873, 874, 875, 876, 877, 878, 879, 883, 884, 885, 886, 887]
-1 class :180
[1, 2, 3, 4, 5, 64, 67, 68, 69, 76, 77, 78, 79, 80, 81, 82, 83, 84, 85, 86, 90, 91, 92, 100, 102, 103, 117, 118, 119, 120, 122, 182, 193, 214, 215, 216, 217, 218, 219, 220, 221, 222, 223, 227, 228, 235, 237, 260, 285, 303, 304, 308, 326, 334, 337, 338, 339, 340, 346, 347, 348, 349, 350, 432, 466, 467, 468, 479, 492, 493, 494, 500, 501, 523, 538, 540, 541, 548, 549, 555, 562, 567, 605, 606, 607, 611, 618, 621, 622, 625, 663, 664, 665, 689, 690, 692, 693, 695, 696, 705, 723, 733, 737, 739, 740, 741, 742, 743, 745, 748, 749, 750, 751, 754, 755, 773, 774, 775, 776, 777, 778, 779, 780, 781, 782, 783, 784, 785, 786, 787, 788, 789, 790, 791, 792, 793, 794, 795, 796, 797, 798, 799, 800, 803, 804, 805, 806, 807, 808, 809, 810, 811, 812, 813, 818, 819, 823, 826, 828, 829, 830, 833, 848, 853, 854, 880, 881, 882, 888, 889, 890, 891, 892, 893, 894, 895, 896, 897, 898, 899]

score : [-1.33955822 -1.02376437 -1.16335907 -1.09162907 -1.1160442  -1.1124144
 -1.07903893 -1.09043782 -1.03730681 -1.08002183 -1.05886951 -1.07127802
 -1.00079586 -1.0972645  -1.05144847 -1.03411652 -1.06442997 -1.09582809
 -1.07584236 -1.08838116 -1.1234172  -1.12439254 -1.14071868 -0.9934806
 -1.16092845 -1.10296951 -1.14939194 -1.0994854  -1.05200965 -1.01733154
 -1.00512296 -0.99501771 -1.07715579 -1.00968311 -1.00369035 -1.00534388
 -0.96593466 -1.00319751 -1.00296189 -1.00768015 -1.04957986 -1.01396391
 -1.02888835 -1.01999514 -0.98286391 -0.98066829 -0.96774812 -0.97612026
 -0.96062429 -1.04837885 -1.03103761 -0.99724522 -0.99310651 -1.03959142
 -1.05065143 -1.003555   -1.00632843 -0.96731561 -0.99293539 -1.00351732
 -0.97507225 -1.02628118 -0.98551946 -0.98477906 -1.03014067 -0.99073831
 -1.02653687 -0.99399095 -1.01655535 -0.99080964 -0.98661454 -0.99868741
 -1.04443386 -1.03513585 -1.01180355 -1.0366924  -1.02272704 -1.00498421
 -0.99189622 -0.99833431 -1.02168134 -1.04074796 -1.06319132 -1.00099675
 -1.03970747 -1.0437478  -1.02107737 -0.99706252 -0.98011059 -0.98889356
 -0.97706578 -1.04728247 -1.11706594 -1.00856172 -1.02006445 -0.99901041
 -1.02634118 -1.03188116 -1.0781113  -1.03511729 -0.99113332 -1.03543298
 -1.09511245 -1.0273095  -1.12591722 -0.98419011 -0.98321726 -1.00121191
 -0.9921126  -1.00488476 -1.0690301  -1.39234132 -0.99265437 -1.06215668
 -1.04856666 -1.02739084 -1.00749488 -0.98783995 -0.99635969 -0.99477812
 -0.99042739 -0.99961397 -0.9897927  -1.00761118 -1.01495685 -1.03313389
 -1.06730958 -1.09052108 -1.1595409  -1.15038366 -1.13725519 -1.12392328
 -1.15271118 -1.17136433 -1.03611664 -1.13744511 -1.10691027 -1.12272177
 -1.12014063 -1.08341277 -1.09382659 -1.07468529 -1.10920106 -1.10633399
 -1.07717493 -1.04381021 -1.01563743 -1.02551572 -1.08313179 -1.10083352
 -1.07039686 -1.12158342 -1.0924744  -1.11940245 -1.05194761 -1.03630071
 -1.01990804 -1.01511292 -0.99862063 -0.99550359 -0.99359323 -1.00604048
 -1.00461111 -1.03082979 -1.03825239 -1.03443421 -1.04008965 -1.04621606
 -1.04892337 -1.03841058 -1.04532135 -1.03765823 -1.04545157 -1.06388124
 -1.08521299 -1.09256822 -1.10400952 -1.09755242 -1.02970369 -1.12079786
 -1.00483432 -1.03693283 -1.00600614 -0.99480256 -0.99810089 -0.98379813
 -0.99439338 -0.98930656 -1.00054524 -1.05681105 -1.02465443 -0.9832237
 -1.0181888  -1.0012511  -1.02157375 -0.9902937  -0.98642205 -1.00226945
 -1.0220572  -0.98823487 -1.07047593 -0.99176243 -0.98425892 -1.02758045
 -1.00660001 -1.0182647  -1.14538338 -1.01074364 -0.97711109 -1.00900446
 -0.9920509  -1.04517394 -0.99120835 -0.99226397 -1.00050116 -0.98833459
 -0.99853451 -0.99963479 -1.00530134 -1.00626364 -1.04522633 -1.01773855
 -1.15969215 -0.99255175 -1.03088553 -1.04672914 -1.0464526  -1.1272502
 -1.14682093 -1.07077175 -1.03735823 -1.01860543 -1.14668196 -1.104366
 -1.0185836  -1.03321268 -0.99199605 -0.99327548 -1.0091824  -1.03533627
 -1.07583232 -1.02595314 -1.02674055 -1.01365454 -1.05149946 -1.0368442
 -1.09366473 -1.06770952 -1.04710033 -1.10383191 -1.05831634 -1.06510201
 -1.17924582 -1.05449043 -1.01395358 -1.03371974 -1.00766373 -1.10369987
 -1.06539537 -1.04182986 -1.06932559 -1.15167808 -1.07032326 -1.05079881
 -1.12652663 -1.24815757 -1.26968905 -0.99992643 -1.12577095 -0.98833299
 -1.01446732 -1.00158571 -1.02605114 -1.02095105 -1.15633638 -1.12039646
 -1.13307518 -1.20316985 -0.9899093  -1.16570159 -1.03220565 -1.01630194
 -1.06011579 -1.01945859 -1.01143007 -0.99573249 -0.99795082 -1.02298776
 -1.01241827 -0.97899429 -1.00899883 -1.0512257  -1.00718417 -1.00616676
 -1.04899812 -1.01471412 -1.01996944 -1.00908321 -1.00177274 -1.0343973
 -1.00485221 -1.08214642 -1.01701657 -1.05482177 -1.08056192 -1.1030115
 -1.02425216 -1.03847051 -1.05859512 -1.04068094 -1.0626421  -1.01982473
 -1.04099862 -1.04346417 -1.09016103 -0.99210083 -0.98751632 -1.00735402
 -1.01935884 -1.02766209 -1.00472826 -1.01853079 -1.03709773 -1.02601897
 -1.0270434  -1.00669106 -1.0036225  -1.03624879 -1.02551881 -0.98691999
 -0.96815704 -1.00501094 -0.97461216 -1.49754149 -1.02670967 -0.9943062
 -0.98984035 -0.9984498  -1.08458    -0.99095685 -0.99407288 -1.01698741
 -0.9997501  -0.99353704 -0.99047093 -1.02834652 -0.99273261 -1.00052782
 -1.00689894 -0.98054965 -0.98894455 -1.01061153 -0.98416915 -0.98602752
 -1.00699926 -0.97987599 -1.00747678 -0.98516185 -0.98322716 -0.99333167
 -0.98132902 -0.99367746 -1.09200753 -0.9944338  -0.99438547 -0.99060254
 -1.02256385 -1.07004197 -1.07045015 -1.03442324 -1.14037447 -1.04795167
 -1.03962075 -1.01467214 -1.0145188  -1.01545069 -1.03636662 -1.01576689
 -1.03633051 -0.99698287 -1.00613968 -0.98404277 -0.99747524 -1.04344832
 -1.00980087 -1.0019876  -1.00012058 -1.00679779 -1.01493888 -1.03754484
 -1.00091464 -1.03396414 -1.05706941 -1.01258438 -1.05393276 -1.010973
 -1.01314238 -0.99503406 -1.00730601 -1.02001302 -1.00176448 -1.00050908
 -1.00227864 -0.99503566 -0.99014428 -0.99091808 -1.00219515 -1.19680199
 -1.62060264 -1.12679064 -1.01706609 -1.02216958 -1.00807704 -1.00578555
 -1.00906069 -0.9894839  -1.00546828 -1.01353481 -1.03630686 -1.043083
 -1.00363126 -1.11444739 -1.00513631 -1.01368115 -1.05001712 -0.99972152
 -1.0112928  -1.02894435 -1.01815102 -1.04190095 -1.04247447 -0.99441564
 -1.04131817 -1.07527569 -1.01759692 -1.09614322 -1.23024844 -1.14713884
 -1.26937051 -1.02637833 -1.0188597  -1.04418931 -1.04672839 -1.03216592
 -1.66844593 -1.04263453 -1.23090678 -1.22614317 -0.99760462 -1.06412895
 -0.98655375 -1.04995995 -1.00051681 -1.06333079 -1.04949561 -1.02232719
 -1.04915139 -1.05043162 -1.02148207 -1.01482577 -1.06094907 -1.06481124
 -1.02601125 -1.02032137 -0.98454761 -1.08470331 -1.0071491  -1.03431774
 -1.05433803 -1.06363607 -1.06878272 -1.12500659 -0.99893919 -1.00526147
 -0.97988874 -1.03844865 -1.0072599  -1.07726073 -1.01808114 -1.06866983
 -0.98878548 -1.04562092 -0.99986045 -1.03977277 -1.07509496 -1.02082264
 -1.05026639 -1.35971733 -0.99399387 -0.99014374 -1.16228586 -1.11527909
 -1.02464904 -1.04673546 -1.02431715 -1.00310966 -0.99192374 -0.99453586
 -1.22996728 -1.10661295 -1.01688957 -1.06884833 -1.07831735 -1.01877739
 -1.0976665  -1.09539248 -1.14629793 -1.07179573 -1.04648575 -1.03759755
 -1.04034302 -1.01722866 -1.02501851 -0.99836631 -1.16215166 -1.03877603
 -1.01653428 -1.03534109 -1.02459378 -1.13815097 -1.05348076 -0.98590805
 -1.04615807 -1.04087411 -1.04040271 -0.99082538 -1.04467098 -1.06312515
 -0.98717266 -0.98800314 -0.97832819 -0.99582784 -0.99090539 -1.04551164
 -1.00699194 -1.00476792 -1.05397474 -1.04224218 -1.00361262 -1.02484372
 -1.0605927  -1.00544662 -1.00163645 -1.02539539 -1.05599721 -1.00656202
 -1.06358819 -1.06230259 -0.98576664 -1.00164862 -1.05341827 -1.02911694
 -1.07446598 -1.00588392 -1.01281906 -1.05954326 -1.10017513 -1.00656676
 -1.00576271 -1.0519778  -0.99607402 -0.98454472 -1.13714585 -1.12761451
 -1.11357766 -1.07158636 -1.10113877 -1.08143711 -1.10072851 -1.17270988
 -1.07732797 -1.10247433 -1.03317574 -1.01922057 -0.98192311 -0.97522888
 -1.21892031 -1.09842981 -1.06437495 -1.08715552 -1.14725109 -1.12319928
 -1.06542605 -0.97505473 -1.13215903 -1.0385896  -1.10291819 -1.05554924
 -1.07121642 -1.07506263 -1.02240276 -1.03343222 -0.98888615 -0.98551992
 -0.96675121 -0.96599455 -0.99657672 -0.98810777 -1.01095201 -1.01399077
 -1.11175377 -1.0284478  -1.00324167 -1.02921161 -1.01619929 -1.01844194
 -1.01144492 -0.97023189 -0.99475382 -1.0603765  -0.98652882 -1.06993209
 -0.9741867  -0.98361765 -0.9798141  -1.0078251  -0.96954324 -1.02591447
 -0.99573565 -1.00643049 -1.08233817 -0.99345227 -1.05090748 -0.96852428
 -1.03348714 -1.06298927 -1.18407842 -1.1533467  -1.34250345 -1.04609335
 -1.09226558 -1.03105438 -0.99017902 -1.12624933 -0.990024   -0.9826726
 -0.97021546 -0.97454759 -1.01425247 -0.98345688 -0.99753793 -0.98752878
 -0.99783133 -0.99681153 -1.11387541 -0.97868377 -1.0131317  -0.98824192
 -1.00630653 -1.06954954 -1.01435124 -0.99975553 -1.06957214 -1.07320636
 -1.18765978 -1.13649144 -1.23668463 -1.05453946 -1.1070452  -1.12843522
 -1.06770741 -1.18599815 -1.13242815 -1.05902255 -1.04161832 -1.04723207
 -1.01706482 -1.06944465 -1.03644508 -1.02133153 -1.01136463 -0.98650206
 -1.03154907 -1.12490971 -1.00127747 -1.04424077 -1.07650746 -1.0420496
 -1.06284386 -1.0327757  -1.01808951 -1.02763505 -1.00270475 -0.99387404
 -1.0143155  -1.01030441 -1.08481617 -1.08897327 -1.06264143 -1.07414247
 -1.03752098 -1.01078299 -1.10067734 -1.14462313 -1.05318937 -1.01250583
 -1.055187   -1.02847504 -1.04903231 -0.99866423 -1.06387798 -1.04185296
 -1.07997793 -1.00549574 -1.15910088 -1.08964177 -1.10473271 -1.10050184
 -1.15995548 -1.07100299 -1.10674792 -1.06699306 -1.15597759 -1.14623231
 -1.12245924 -1.10861914 -1.04582166 -1.10607246 -1.07075478 -1.06860253
 -1.12125604 -1.24201353 -1.10427007 -1.30601092 -1.37819021 -1.01311255
 -1.04701899 -1.95700138 -1.11936582 -1.0614948  -1.05710452 -1.06522876
 -1.05342322 -1.12114353 -1.04431675 -1.02982271 -1.02727244 -1.03828184
 -1.07689971 -1.05221137 -1.02393429 -1.02141599 -1.06683221 -1.0868979
 -1.11597511 -1.04878388 -1.00665488 -1.02294981 -1.19467238 -1.18981502
 -1.34358242 -1.63412992 -1.25745499 -1.11107519 -1.30986794 -1.14691818
 -1.28813227 -1.21619452 -1.36636482 -1.24975918 -1.17096423 -1.3460113
 -1.40565477 -1.79086299 -1.71933534 -1.39679741 -1.15204602 -1.27217118
 -1.14512734 -1.33342349 -1.45925215 -1.21730404 -1.18787933 -1.32813541
 -1.14467227 -1.2726234  -1.14893126 -1.0184583  -1.21824283 -1.19401631
 -1.05114329 -1.06319289 -1.1923102  -1.14394342 -1.13382751 -1.18818845
 -1.13150359 -1.12703386 -1.18094588 -1.26288477 -1.24515162 -1.16918666
 -1.14353247 -1.24981785 -1.02138389 -1.05294475 -1.06154325 -0.99131633
 -1.28978721 -1.11752761 -1.15190703 -1.09671078 -1.01119726 -0.99251996
 -1.1182066  -0.99872373 -1.06482653 -1.11518389 -1.02609287 -1.17479089
 -1.27181929 -1.15990914 -1.37816503 -1.02932127 -1.09014167 -1.1862967
 -1.03577133 -0.99741397 -1.02155565 -0.99759365 -1.01353878 -0.99228364
 -1.10598172 -1.01911781 -1.04624519 -0.99242618 -0.9948414  -1.00423041
 -1.07923832 -1.02977689 -1.03634028 -1.31075755 -0.98186031 -1.12132583
 -1.07855473 -0.99620707 -1.08796522 -1.28235801 -1.30597329 -1.08193106
 -1.02919526 -1.07404718 -1.057762   -1.04359792 -1.12852552 -1.00716138
 -0.99352844 -0.99686933 -1.03349164 -0.98752267 -0.98815495 -1.00043814
 -0.99319705 -0.98830913 -1.08393466 -1.06636609 -0.98993054 -1.01302958
 -1.05910727 -1.0476514  -1.01019866 -1.01231752 -1.02140888 -0.99885717
 -1.03007847 -1.09326264 -1.06971996 -1.27281189 -1.75055278 -1.31538457
 -1.05581733 -1.04552983 -1.05449654 -1.07533392 -1.06206673 -1.2183763
 -1.31375743 -1.06695818 -1.40044034 -1.33759792 -1.37229768 -1.26565441
 -1.41616184 -1.38184599 -1.34701946 -1.38791559 -1.35776333 -1.46672259
 -1.00764033 -1.12100277 -1.14520643 -1.17145234 -1.0712589  -1.07905514
 -1.06380486 -1.04410267 -1.0441926  -1.05160371 -1.06879493]
