param settings:IsolationForest(behaviour='new', bootstrap=False, contamination=0.2,
        max_features=1.0, max_samples=100, n_estimators=100, n_jobs=None,
        random_state=None, verbose=0)
cluster_thresh:
feature select:['lbp', 'gab', 'glcm', 'hog']
precision: {'precision_b1': 0.7444, 'precision': 0.9166, 'acc': 0.8821, 'recall_b1': 0.6907, 'recall': 0.9348, 'false_alert_b1': 0.25560000000000005, 'miss_alert_b1': 0.3093, 'false_alert': 0.08340000000000003, 'miss_alert': 0.06520000000000004, 'intersect_1': 659, 'intersect_b1': 134}
all_predict:
sum:899
1 class :719
[6, 7, 8, 9, 10, 11, 12, 13, 14, 15, 16, 17, 18, 19, 20, 21, 22, 23, 24, 25, 26, 27, 28, 29, 30, 31, 32, 33, 34, 35, 36, 37, 38, 39, 40, 41, 42, 43, 44, 45, 46, 47, 48, 49, 50, 51, 52, 53, 54, 55, 56, 57, 58, 59, 60, 61, 62, 63, 64, 65, 66, 67, 68, 69, 70, 71, 72, 73, 74, 75, 76, 77, 78, 79, 80, 81, 82, 83, 84, 85, 86, 87, 88, 89, 90, 91, 92, 93, 94, 95, 96, 97, 98, 99, 100, 101, 102, 103, 104, 105, 106, 107, 108, 109, 110, 111, 112, 113, 114, 115, 116, 117, 118, 119, 120, 121, 122, 123, 124, 125, 126, 127, 128, 129, 130, 131, 132, 133, 134, 135, 136, 137, 138, 139, 140, 141, 142, 143, 144, 145, 146, 147, 148, 149, 150, 151, 152, 153, 154, 155, 156, 157, 158, 159, 160, 161, 162, 163, 164, 165, 166, 167, 168, 169, 170, 171, 172, 173, 174, 175, 176, 177, 178, 179, 180, 181, 182, 183, 184, 185, 186, 187, 188, 189, 190, 191, 192, 193, 194, 195, 196, 197, 198, 199, 200, 201, 202, 203, 204, 205, 206, 207, 208, 209, 210, 211, 212, 230, 231, 262, 263, 264, 265, 266, 267, 268, 269, 270, 271, 272, 273, 274, 275, 276, 277, 278, 279, 280, 281, 282, 283, 284, 285, 286, 287, 288, 289, 290, 291, 292, 293, 294, 295, 296, 297, 298, 299, 300, 301, 302, 303, 304, 305, 306, 307, 308, 309, 310, 311, 312, 313, 314, 315, 316, 317, 318, 319, 320, 321, 322, 323, 324, 325, 326, 327, 328, 329, 330, 331, 332, 333, 334, 335, 336, 337, 338, 339, 340, 341, 342, 343, 344, 345, 346, 347, 348, 349, 350, 351, 352, 353, 354, 355, 356, 357, 358, 359, 360, 361, 362, 363, 364, 365, 366, 367, 368, 369, 370, 371, 372, 373, 374, 375, 376, 377, 378, 379, 380, 381, 382, 383, 384, 385, 386, 387, 388, 389, 390, 391, 392, 393, 394, 395, 396, 397, 398, 399, 400, 401, 402, 403, 404, 405, 406, 407, 408, 409, 410, 411, 412, 413, 414, 415, 416, 417, 418, 419, 420, 421, 422, 423, 424, 425, 426, 427, 428, 429, 430, 431, 432, 433, 434, 435, 436, 437, 438, 439, 440, 441, 442, 443, 444, 445, 446, 447, 448, 449, 450, 451, 452, 453, 454, 455, 456, 457, 458, 459, 460, 461, 462, 463, 464, 465, 466, 467, 468, 469, 470, 471, 472, 473, 474, 475, 476, 477, 478, 479, 480, 481, 482, 483, 484, 485, 486, 487, 488, 489, 490, 491, 492, 493, 494, 495, 496, 497, 498, 500, 501, 502, 503, 504, 505, 506, 507, 508, 509, 510, 511, 512, 513, 514, 515, 516, 517, 518, 519, 520, 521, 522, 523, 524, 525, 526, 527, 528, 529, 530, 531, 532, 533, 534, 535, 536, 537, 538, 539, 540, 541, 542, 543, 544, 545, 546, 547, 548, 549, 550, 551, 552, 553, 554, 555, 556, 557, 558, 559, 560, 561, 562, 563, 564, 565, 566, 567, 568, 569, 570, 575, 578, 579, 580, 581, 582, 583, 584, 585, 586, 587, 588, 589, 590, 591, 592, 593, 594, 595, 596, 597, 598, 599, 600, 601, 602, 603, 604, 605, 606, 607, 608, 609, 610, 611, 612, 613, 614, 615, 616, 617, 618, 619, 620, 621, 622, 623, 624, 625, 626, 627, 628, 629, 630, 631, 632, 633, 634, 635, 636, 637, 638, 639, 640, 641, 642, 643, 644, 645, 646, 647, 648, 649, 650, 651, 652, 653, 654, 655, 656, 657, 658, 659, 660, 661, 662, 663, 664, 665, 666, 667, 668, 669, 670, 671, 672, 673, 674, 675, 676, 677, 678, 679, 680, 681, 682, 683, 684, 685, 686, 687, 688, 689, 690, 691, 692, 693, 694, 695, 696, 697, 698, 699, 700, 701, 702, 703, 704, 705, 706, 707, 708, 709, 710, 711, 712, 713, 714, 715, 716, 717, 718, 719, 720, 721, 722, 723, 724, 729, 732, 733, 734, 735, 736, 737, 738, 739, 740, 743, 744, 745, 747, 748, 749, 797, 798, 799, 800, 801, 802, 803, 804, 805, 806, 807, 808, 810, 817, 822, 823, 824, 825, 827, 828, 829, 831, 832, 833, 834, 835, 836, 837, 838, 839, 840, 841, 842, 843, 844, 845, 846, 849]
-1 class :180
[1, 2, 3, 4, 5, 213, 214, 215, 216, 217, 218, 219, 220, 221, 222, 223, 224, 225, 226, 227, 228, 229, 232, 233, 234, 235, 236, 237, 238, 239, 240, 241, 242, 243, 244, 245, 246, 247, 248, 249, 250, 251, 252, 253, 254, 255, 256, 257, 258, 259, 260, 261, 499, 571, 572, 573, 574, 576, 577, 725, 726, 727, 728, 730, 731, 741, 742, 746, 750, 751, 752, 753, 754, 755, 756, 757, 758, 759, 760, 761, 762, 763, 764, 765, 766, 767, 768, 769, 770, 771, 772, 773, 774, 775, 776, 777, 778, 779, 780, 781, 782, 783, 784, 785, 786, 787, 788, 789, 790, 791, 792, 793, 794, 795, 796, 809, 811, 812, 813, 814, 815, 816, 818, 819, 820, 821, 826, 830, 847, 848, 850, 851, 852, 853, 854, 855, 856, 857, 858, 859, 860, 861, 862, 863, 864, 865, 866, 867, 868, 869, 870, 871, 872, 873, 874, 875, 876, 877, 878, 879, 880, 881, 882, 883, 884, 885, 886, 887, 888, 889, 890, 891, 892, 893, 894, 895, 896, 897, 898, 899]

score : [-0.03425606  0.05709147  0.07009994  0.08305183  0.08565148  0.08720254
  0.08327659  0.08670117  0.08146721  0.08232369  0.06105453  0.05910026
  0.0553514   0.05627172  0.05183073  0.06971095  0.06166984  0.05521452
  0.0553127   0.06406398  0.0619721   0.08367891  0.07683618  0.06337666
  0.08264925  0.06374254  0.08109453  0.08131804  0.07786839  0.07173773
  0.07694725  0.08974885  0.07917946  0.07569958  0.06301385  0.07656458
  0.07512746  0.07253106  0.08816872  0.07607913  0.08894958  0.08337194
  0.08956456  0.08186019  0.0548979   0.08049384  0.06028083  0.07440591
  0.06647775  0.0840511   0.08325952  0.09196347  0.08670904  0.08113392
  0.08992814  0.07761914  0.06414795  0.08207345  0.08478379  0.08434802
  0.08756735  0.08811822  0.09441871  0.08213049  0.07701938  0.09553084
  0.09378586  0.06839862  0.09784586  0.08557385  0.07901528  0.0806355
  0.06555417  0.06874085  0.08467622  0.06212877  0.06994815  0.08043538
  0.06453123  0.07262115  0.07495658  0.0640788   0.07576005  0.0721442
  0.06655057  0.06414096  0.05498485  0.06202867  0.05676007  0.05661192
  0.04288839  0.05008817  0.05660395  0.06097812  0.06037059  0.05503194
  0.05752363  0.06109187  0.06663164  0.0526391   0.06907909  0.05885084
  0.06524701  0.05744152  0.05801532  0.07056304  0.05538887  0.0519586
  0.06823686  0.05101171  0.06267418 -0.04180391  0.07722541  0.01368132
  0.0606505   0.05734144  0.06246158  0.04938567  0.04535335  0.03766031
  0.03975527  0.03733677  0.0538117   0.08813353  0.0451781   0.03228293
  0.0219416  -0.01766986 -0.04096389 -0.04149872 -0.01781476 -0.03224225
 -0.03962072 -0.04134639  0.07459518 -0.04188375 -0.02732141 -0.0258604
 -0.01674182 -0.01988736 -0.02483915 -0.0296185  -0.02342138 -0.00625365
 -0.00473988  0.07049393  0.00489283  0.00328764 -0.08105053 -0.07326465
 -0.07567954 -0.08109849 -0.09128177 -0.05476989 -0.03659581 -0.03359631
  0.07995921 -0.04141744 -0.03222197 -0.02544532 -0.00280176 -0.00171551
 -0.04592407 -0.05576708 -0.06842188 -0.05927162 -0.06392766  0.07571995
 -0.07124666 -0.06400407 -0.06158293 -0.05113418 -0.07309891 -0.08166964
 -0.06990497 -0.08245821 -0.06530859 -0.08284186  0.07280963 -0.08270426
 -0.00789281  0.01220501  0.03036963  0.05476972  0.06423638  0.07703475
  0.08417679  0.07498052  0.08058217  0.0807256   0.05571234  0.05104782
  0.05366836  0.05999406  0.07788755  0.08950543  0.08188555  0.08889215
  0.08067277  0.07920953  0.06346326  0.08159495  0.08792081  0.09032877
  0.08005288  0.06737959  0.08274009  0.09696867  0.10074088  0.09202393
  0.07150877  0.09494034  0.07430804  0.06699695  0.08511241  0.10034421
  0.10158649  0.08796736  0.07978983  0.07410347  0.07948732  0.0766965
 -0.01427444  0.094502    0.07507003  0.08567267  0.09510227  0.09757182
  0.07830477  0.08459042  0.09479435  0.10441609  0.0880035   0.09232347
  0.08793348  0.08400369  0.09522106  0.10390307  0.09103352  0.08757828
  0.09356918  0.09159113  0.0900102   0.10399509  0.08107958  0.07354638
  0.08937482  0.09060976  0.08700013  0.07581967  0.09056671  0.08720418
  0.07720858  0.08852055  0.08429946  0.07322299  0.07885893  0.07725676
  0.08369578  0.07397802  0.0905513   0.08718333  0.0706337   0.09888579
  0.07357503  0.08153584  0.08081852  0.07718269  0.08587022  0.07586773
  0.08943508  0.0819807   0.05702931  0.07192205  0.06480856  0.07898954
  0.0728693   0.08109644  0.07552706  0.07094458  0.0753238   0.07400956
  0.09419891  0.06784428  0.07066732  0.09192039  0.09263187  0.06038843
  0.05418692  0.07570292  0.06672624  0.04570471  0.04561635  0.03928586
  0.06866905  0.06630398  0.05789066  0.05560499  0.06425319  0.05163703
  0.0766189   0.04023357  0.054992    0.04121982  0.05619925  0.07413868
  0.09599331  0.0780268   0.0851362   0.08245576  0.07539671  0.07773079
  0.07844967  0.07766212  0.09271669  0.10679265  0.11130703  0.10413701
  0.10317108  0.10551345  0.09708249  0.0985201   0.08172476  0.1027776
  0.08378507  0.09032892  0.09346029  0.09618893  0.08915591  0.07970623
  0.08295205  0.08785578  0.08869456 -0.01845751  0.07213122  0.08110564
  0.06396848  0.08332925  0.08777753  0.08934236  0.08162538  0.07839604
  0.07752646  0.08210013  0.08634776  0.0504241   0.08635646  0.08993465
  0.08210256  0.08374908  0.09169074  0.08934274  0.0873595   0.09154251
  0.09626466  0.08822847  0.03718419  0.08207852  0.07235654  0.07716189
  0.07564135  0.08010792  0.08828306  0.0775322   0.08047431  0.08494121
  0.08385659  0.02874721  0.07988536  0.08262999  0.08446884  0.08542984
  0.08411043  0.07654461  0.09340124  0.09241711  0.09098889  0.08563849
  0.01633483  0.09173986  0.09421744  0.08889453  0.07293337  0.0833943
  0.07157646  0.07093673  0.06470262  0.06454742  0.06995594  0.01792452
  0.07538376  0.07027891  0.07701327  0.06875811  0.07368649  0.07481036
  0.08370431  0.07919958  0.07625025  0.08097889  0.02207737  0.07835976
  0.09425056  0.08867388  0.08418554  0.0928109   0.06333882  0.07492302
  0.02344829  0.08181791  0.050266    0.01153446  0.04668737  0.04599661
  0.04948787  0.02851039  0.03093599  0.04151713  0.05728169  0.05658092
  0.06221048  0.0845386   0.02174822  0.08284686  0.07386866  0.06993917
  0.03096435  0.0604593   0.05271947  0.05364435  0.05159469  0.05005501
  0.05629294  0.00253448  0.05308801  0.02047385  0.00942366  0.00918115
  0.07013629  0.08421232  0.06932991  0.04019091  0.03783533 -0.00119372
 -0.06685429  0.01214487  0.00617282  0.00623977  0.0764696   0.08765986
  0.08896575  0.06776689  0.03998518  0.0193542   0.05230078  0.07514406
  0.01820509  0.06284035  0.05119895  0.06621784  0.08478737  0.07631682
  0.07265262  0.09450036  0.09562657  0.08458034  0.07781246  0.01627087
  0.0745695   0.09354231  0.09136801  0.09536835  0.1023791   0.08792898
  0.08994139  0.06261081  0.0721611   0.04318758  0.02576434  0.0443015
  0.09703988  0.09795756  0.09623898  0.09442915  0.08654282  0.09927195
  0.09079567  0.09516697  0.09568111  0.05833711  0.0823555   0.09027904
  0.09251895  0.09454969  0.09294863  0.10910238  0.08961427  0.07294023
  0.08452331  0.09390729  0.0570019   0.07715008  0.07665276  0.09688077
  0.08288979  0.10087182  0.09031724  0.09134599  0.07602585  0.09155425
  0.08741589  0.06169485  0.0797056   0.08692091  0.09684161  0.07966886
  0.08102817  0.07405919  0.05559942  0.05102291  0.04587855  0.03155004
  0.06912887  0.01259391 -0.00339889 -0.00486923 -0.03154756 -0.0258044
  0.01409382 -0.01873803 -0.03168738  0.00881648  0.01174298  0.07766723
  0.06872795  0.06268146  0.0250005   0.07362899  0.08982728  0.03407277
  0.06641804  0.07723237  0.07467333  0.07627708  0.07844281  0.06364481
  0.06867449  0.07230996  0.06341993  0.05761502  0.05961896  0.07098979
  0.05105585  0.06415409  0.06386882  0.01007267  0.08156641  0.05739082
  0.06153029  0.05849787  0.05692611  0.06500394  0.06343225  0.05390854
  0.04405287  0.059681    0.07324144  0.08503586  0.06320595  0.0638858
  0.06258415  0.07269364  0.07648404  0.05980643  0.0651376   0.06823421
  0.07244058  0.07096293  0.08067669  0.07541962  0.07958452  0.08141242
  0.07870555  0.07237459  0.07567511  0.06816964  0.05859011  0.06126593
  0.07048427  0.08968001  0.07487844  0.06931308  0.05174734  0.06164066
  0.06391586  0.0572505   0.05547152  0.07411781  0.0547016   0.06793535
  0.08192736  0.0771019   0.0820468   0.08775782  0.08514929  0.08797944
  0.08175472  0.07330689  0.06447453  0.07306179  0.06924942  0.08506002
  0.06245397  0.06408411  0.06610351  0.06310358  0.06448339  0.0619007
  0.06974718  0.07053     0.07298712  0.06741087  0.09574078  0.06457775
  0.05461449  0.03615563  0.04240846  0.04300428  0.03859775  0.04965946
  0.04883217  0.04941685  0.04532421  0.07489649  0.04874893  0.0457154
  0.05309123  0.04918318  0.04685882  0.05418551  0.05362189  0.04353808
  0.04909416  0.04909867  0.08418297  0.05008307  0.047758    0.04770575
  0.04426602  0.04440947  0.04720566  0.04490675  0.03925639  0.04634195
  0.0420371   0.08661233  0.04984027  0.05666127  0.04944334  0.05343385
  0.05585443  0.05910108  0.0596368   0.05683738  0.05161119  0.06381955
  0.04411376  0.08314855  0.06496722  0.07091571  0.06520329  0.07080894
  0.0787024   0.06930353  0.0603943   0.06734599  0.06605264  0.05613076
  0.07294755  0.0618168   0.06091901  0.06931594  0.07548965  0.08582148
  0.06800406  0.06500104  0.05927885  0.07296186  0.06358863  0.07257956
  0.07568097  0.06726072  0.04332302  0.03418664  0.01499698 -0.02507481
 -0.01499706 -0.01325782 -0.01325998  0.02782637  0.06666167 -0.01314857
 -0.02932628  0.01073404  0.02648882  0.02024263  0.04559577  0.02599433
  0.02480444  0.01137357  0.00503138  0.06195331  0.00722873 -0.00048973
 -0.02543736  0.03367857  0.02443576  0.01892289 -0.00080352  0.0141358
  0.0063522   0.00134728  0.05587325 -0.02778607 -0.02309918 -0.10326742
 -0.0625665  -0.05170646 -0.05221487 -0.07366498 -0.09153541 -0.06517452
 -0.05372787  0.04930755 -0.04937218 -0.03717185 -0.04193965 -0.0371623
 -0.03283107 -0.03439152 -0.03773372 -0.03010402 -0.02078318 -0.02830959
  0.04118524 -0.044716   -0.02775409 -0.04191177 -0.05832044 -0.0395786
 -0.06158114 -0.0875365  -0.09614585 -0.09121622 -0.0813257   0.06309341
 -0.12326444 -0.13976541 -0.14946003 -0.12660151 -0.09981369 -0.08706346
 -0.08079192 -0.07582673 -0.05949338 -0.06501761  0.06613025 -0.05762235
 -0.05868014 -0.057879   -0.03866646 -0.05013594 -0.04594795 -0.04031996
  0.02579164  0.02942514  0.00452202  0.06559835  0.07766739  0.0075827
  0.00076335  0.00307697  0.01634512  0.02868989  0.02361907  0.03175669
  0.00697347  0.01092308 -0.00578861  0.06852026  0.00771563 -0.00910777
 -0.00542777 -0.0098747  -0.00670034 -0.00964136 -0.00592398  0.01289369
 -0.00863214 -0.00178841  0.05653723 -0.00100015 -0.00107566  0.00529155
  0.00372824  0.01387697  0.02219774 -0.0043166   0.02042423  0.00032649
  0.00327577  0.06435364 -0.00177254  0.02431197  0.03254405  0.00780713
  0.01250245  0.01918595  0.00756167  0.02264078  0.00633719  0.01841237
  0.07474089  0.0217965   0.02772464  0.0313879   0.02676232  0.03348613
  0.0282792   0.03707469 -0.00807398 -0.03261383  0.00068332  0.05485598
 -0.04378026 -0.05256209 -0.03545977 -0.02833238 -0.03874966 -0.04433514
 -0.06220177 -0.03903722 -0.02769058 -0.02444128  0.05305294 -0.00862243
 -0.04268778 -0.01660086 -0.07001731 -0.03157417 -0.03160225 -0.03735184
 -0.02219304 -0.00951857 -0.04785205  0.05257469 -0.06015856 -0.05126477
 -0.05725014 -0.0630688  -0.05823799 -0.05551181 -0.05880541 -0.08623363
 -0.07093786 -0.03596255  0.04563522 -0.05810226 -0.06408646 -0.06242893
 -0.06915023 -0.07337781 -0.07343512 -0.08814618 -0.09512675 -0.15217478
 -0.15937003  0.05365771 -0.17409844 -0.15636108 -0.16471412 -0.15241435
 -0.17086971 -0.16161015 -0.14857661 -0.11906254 -0.13348149 -0.16766315
  0.06233551  0.04297647  0.03313868  0.03908046  0.05109655  0.06611406
  0.06570688  0.08319741  0.07670395  0.03406414  0.06311964]
