param settings:IsolationForest(behaviour='new', bootstrap=False, contamination=0.2,
        max_features=1.0, max_samples=100, n_estimators=100, n_jobs=None,
        random_state=None, verbose=0)
cluster_thresh:
feature select:['glcm']
precision: {'precision_b1': 0.7944, 'precision': 0.9291, 'acc': 0.9021, 'recall_b1': 0.7371, 'recall': 0.9475, 'false_alert_b1': 0.2056, 'miss_alert_b1': 0.2629, 'false_alert': 0.07089999999999996, 'miss_alert': 0.05249999999999999, 'intersect_1': 668, 'intersect_b1': 143}
all_predict:
sum:899
1 class :719
[3, 4, 6, 7, 8, 9, 10, 11, 12, 13, 14, 15, 16, 17, 18, 19, 20, 21, 22, 23, 24, 25, 26, 27, 28, 29, 30, 31, 32, 33, 34, 35, 36, 37, 38, 39, 40, 41, 42, 46, 51, 52, 53, 54, 55, 56, 57, 58, 59, 60, 61, 62, 63, 64, 65, 66, 67, 68, 69, 70, 71, 72, 73, 74, 75, 76, 77, 78, 79, 80, 81, 82, 83, 84, 85, 86, 87, 88, 89, 90, 91, 92, 93, 94, 95, 96, 97, 98, 99, 100, 101, 102, 103, 104, 105, 106, 107, 108, 109, 110, 111, 112, 113, 114, 115, 116, 117, 118, 119, 120, 121, 122, 123, 124, 125, 126, 127, 128, 129, 130, 131, 132, 133, 134, 135, 136, 137, 138, 139, 140, 141, 142, 143, 144, 145, 146, 147, 148, 149, 150, 151, 152, 153, 154, 155, 156, 157, 158, 159, 160, 161, 162, 163, 164, 165, 166, 167, 168, 169, 170, 171, 172, 173, 174, 175, 176, 177, 178, 179, 180, 181, 182, 183, 184, 185, 186, 187, 188, 189, 190, 191, 192, 193, 194, 195, 196, 197, 198, 199, 200, 201, 202, 203, 204, 205, 206, 207, 208, 209, 210, 211, 212, 213, 230, 231, 262, 263, 264, 265, 266, 267, 268, 269, 270, 271, 272, 273, 274, 275, 276, 277, 278, 279, 280, 281, 282, 283, 284, 285, 286, 287, 288, 289, 290, 291, 292, 293, 294, 295, 296, 297, 298, 299, 300, 301, 302, 303, 304, 305, 306, 307, 308, 309, 310, 311, 312, 313, 314, 315, 316, 317, 318, 319, 320, 321, 322, 323, 324, 325, 326, 327, 328, 329, 330, 331, 332, 333, 334, 335, 336, 337, 338, 339, 340, 341, 342, 343, 344, 345, 346, 347, 348, 349, 350, 351, 352, 353, 354, 355, 356, 357, 358, 359, 360, 361, 362, 363, 364, 365, 366, 367, 368, 369, 370, 371, 372, 373, 374, 375, 376, 377, 378, 379, 380, 381, 382, 383, 384, 385, 386, 387, 388, 389, 390, 391, 392, 393, 394, 395, 396, 397, 398, 399, 400, 401, 402, 403, 404, 405, 406, 407, 408, 409, 410, 411, 412, 413, 414, 415, 416, 417, 418, 419, 420, 421, 422, 423, 424, 425, 426, 427, 428, 429, 430, 431, 432, 433, 434, 435, 436, 437, 438, 439, 440, 441, 442, 443, 444, 445, 446, 447, 448, 449, 450, 451, 452, 453, 454, 455, 456, 457, 458, 459, 460, 461, 462, 463, 464, 465, 466, 467, 468, 469, 470, 471, 472, 473, 474, 475, 476, 477, 478, 479, 480, 481, 482, 483, 484, 485, 486, 487, 488, 489, 490, 491, 493, 494, 495, 496, 497, 498, 500, 502, 503, 504, 505, 506, 507, 508, 509, 510, 511, 512, 513, 514, 515, 516, 517, 518, 519, 520, 521, 522, 523, 524, 525, 526, 527, 528, 529, 530, 531, 532, 533, 534, 535, 536, 537, 538, 539, 540, 541, 542, 543, 544, 545, 546, 547, 548, 549, 550, 551, 552, 553, 554, 555, 556, 557, 558, 559, 560, 561, 562, 563, 564, 565, 566, 567, 568, 580, 581, 582, 583, 584, 585, 586, 587, 588, 589, 590, 591, 592, 593, 594, 595, 596, 597, 598, 599, 600, 601, 602, 603, 604, 605, 606, 607, 608, 609, 610, 611, 612, 613, 614, 615, 616, 617, 618, 619, 620, 621, 622, 623, 624, 625, 626, 627, 628, 629, 630, 631, 632, 633, 634, 635, 636, 637, 638, 639, 640, 641, 642, 643, 644, 645, 646, 647, 648, 649, 650, 651, 652, 653, 654, 655, 656, 657, 658, 659, 660, 661, 662, 663, 664, 665, 666, 667, 668, 669, 670, 671, 672, 673, 674, 675, 676, 677, 678, 679, 680, 681, 682, 683, 684, 685, 686, 687, 688, 689, 690, 691, 692, 693, 694, 695, 696, 697, 698, 699, 700, 701, 702, 703, 704, 705, 706, 707, 708, 709, 710, 711, 712, 713, 714, 715, 716, 717, 718, 719, 720, 721, 722, 723, 733, 734, 735, 736, 737, 738, 739, 740, 741, 742, 743, 744, 798, 799, 800, 801, 802, 803, 804, 805, 806, 807, 808, 809, 810, 811, 812, 813, 814, 815, 816, 817, 818, 819, 820, 821, 822, 823, 824, 825, 826, 827, 828, 829, 830, 831, 832, 833, 834, 835, 836, 837, 838, 839, 840, 841, 842, 843, 844, 845, 846, 847, 849, 850, 851, 868]
-1 class :180
[1, 2, 5, 43, 44, 45, 47, 48, 49, 50, 214, 215, 216, 217, 218, 219, 220, 221, 222, 223, 224, 225, 226, 227, 228, 229, 232, 233, 234, 235, 236, 237, 238, 239, 240, 241, 242, 243, 244, 245, 246, 247, 248, 249, 250, 251, 252, 253, 254, 255, 256, 257, 258, 259, 260, 261, 492, 499, 501, 569, 570, 571, 572, 573, 574, 575, 576, 577, 578, 579, 724, 725, 726, 727, 728, 729, 730, 731, 732, 745, 746, 747, 748, 749, 750, 751, 752, 753, 754, 755, 756, 757, 758, 759, 760, 761, 762, 763, 764, 765, 766, 767, 768, 769, 770, 771, 772, 773, 774, 775, 776, 777, 778, 779, 780, 781, 782, 783, 784, 785, 786, 787, 788, 789, 790, 791, 792, 793, 794, 795, 796, 797, 848, 852, 853, 854, 855, 856, 857, 858, 859, 860, 861, 862, 863, 864, 865, 866, 867, 869, 870, 871, 872, 873, 874, 875, 876, 877, 878, 879, 880, 881, 882, 883, 884, 885, 886, 887, 888, 889, 890, 891, 892, 893, 894, 895, 896, 897, 898, 899]

score : [-2.30719233e-03  1.08924240e-01  8.90235786e-02  9.31910226e-02
  1.01085463e-01  9.92387054e-02  9.94980256e-02  1.00204635e-01
  9.16550962e-02  8.68010044e-02  8.08595558e-02  7.91040373e-02
  1.12795490e-01  7.31020512e-02  6.24747854e-02  7.77792486e-02
  6.33474400e-02  7.10601533e-02  6.77584990e-02  7.31024471e-02
  8.31474400e-02  9.30294986e-02  9.69873729e-02  1.15086993e-01
  1.00016739e-01  9.20976197e-02  9.94968067e-02  1.02394526e-01
  1.04040518e-01  1.05220305e-01  1.07431536e-01  1.06530592e-01
  1.00279665e-01  1.03199487e-01  1.19402586e-01  1.03194334e-01
  9.68888487e-02  1.03563127e-01  1.13753622e-01  1.12974070e-01
  1.10930777e-01  1.15446265e-01  1.13395748e-01  1.14301418e-01
  1.10323014e-01  1.16868379e-01  1.08464261e-01  1.10487807e-01
  1.11167201e-01  1.16435188e-01  1.17231218e-01  1.10590890e-01
  1.12318663e-01  1.15377622e-01  1.15728472e-01  1.20921150e-01
  1.21474853e-01  1.17301171e-01  1.19649240e-01  1.18263362e-01
  1.15007858e-01  1.11330153e-01  1.12887954e-01  1.14288564e-01
  1.17607449e-01  1.23516947e-01  1.21018641e-01  1.02153112e-01
  1.25521794e-01  1.19988121e-01  1.10318621e-01  1.08784590e-01
  1.08508544e-01  1.11664968e-01  1.08875054e-01  1.07493980e-01
  1.02684543e-01  1.06862779e-01  8.76202502e-02  1.10245313e-01
  1.11110737e-01  1.07582558e-01  1.12323837e-01  1.14497007e-01
  1.11557688e-01  1.09018336e-01  1.05697869e-01  1.03582611e-01
  9.24013747e-02  6.33089336e-02  9.54748524e-02  1.04938209e-01
  1.11528048e-01  1.08299449e-01  1.14364281e-01  1.11018825e-01
  1.07785242e-01  1.02393566e-01  1.06345497e-01  9.90014643e-02
  1.16290820e-01  1.02044022e-01  1.03931410e-01  1.02454965e-01
  8.68931832e-02  1.02667945e-01  1.02181448e-01  1.08692925e-01
  1.06913409e-01  9.90223272e-02  1.01683395e-01 -6.17474725e-03
  1.26072066e-01  9.34779925e-02  9.03799063e-02  8.95495390e-02
  7.43141891e-02  6.76898984e-02  6.90190833e-02  4.29373171e-02
  4.26104209e-02  5.84045556e-02  5.42305002e-02  1.18514449e-01
  7.35443592e-02  3.55415682e-02  3.32250633e-02  2.79539110e-03
 -4.16043660e-02 -5.35594513e-02 -6.44872733e-02 -7.74963612e-02
 -8.07567195e-02 -8.12201330e-02  1.15880673e-01 -8.21481129e-02
 -8.11485424e-02 -8.07567195e-02 -5.52306311e-02 -4.41706851e-02
 -4.54120785e-02 -5.40058650e-02 -6.11832789e-02 -2.80193624e-02
 -5.39924368e-03  1.14659432e-01  3.04022958e-02  3.83277904e-02
 -1.23130721e-01 -1.22976824e-01 -1.21851753e-01 -1.34234394e-01
 -1.40089458e-01 -1.23434259e-01 -9.01074039e-02 -8.46134267e-02
  1.16411750e-01 -9.18021057e-02 -6.97896647e-02 -6.06136469e-02
 -1.66451089e-02 -6.77080036e-03 -4.11215643e-02 -5.01004621e-02
 -6.76784813e-02 -6.79440026e-02 -6.90009982e-02  1.03969214e-01
 -6.98385671e-02 -6.97010715e-02 -7.01683699e-02 -6.88767320e-02
 -7.47354104e-02 -7.53229082e-02 -7.53229082e-02 -7.97283945e-02
 -8.15537657e-02 -8.15537657e-02  1.11086532e-01 -8.19489731e-02
 -2.32368562e-02  3.22410638e-03  4.13843185e-02  6.90258932e-02
  9.52536024e-02  1.21627316e-01  1.23962445e-01  1.26084978e-01
  1.26952637e-01  1.02536901e-01  1.04519120e-01  9.49135241e-02
  9.66652221e-02  1.11108389e-01  1.17266537e-01  1.21521854e-01
  1.20872722e-01  1.23344269e-01  1.24277083e-01  1.24711050e-01
  9.82275171e-02  1.21973686e-01  1.29077482e-01  1.20263308e-01
  1.16950891e-01  1.11743531e-01  1.21945898e-01  1.25225236e-01
  1.15823986e-01  1.19775419e-01  1.03201268e-01  1.18605602e-01
  1.07129345e-01  8.14970726e-02  9.84316177e-02  1.09020370e-01
  1.27582122e-01  1.24727344e-01  1.20492314e-01  1.04462856e-01
  1.04371104e-01  9.24850836e-02  2.60455989e-02  1.12713639e-01
  9.24225813e-02  1.13150538e-01  1.23606294e-01  1.20529718e-01
  1.13392167e-01  1.22787407e-01  1.10620437e-01  1.19330867e-01
  1.10791215e-01  1.06893005e-01  9.64143768e-02  1.18417080e-01
  1.23487926e-01  1.24553148e-01  1.17077092e-01  1.22356634e-01
  1.25455757e-01  1.22875857e-01  1.18130997e-01  1.23273809e-01
  1.15844005e-01  7.44855116e-02  1.17040641e-01  1.16563211e-01
  1.22884954e-01  1.15209974e-01  1.20751719e-01  1.20760176e-01
  1.21506428e-01  1.13534156e-01  1.07855196e-01  1.08011846e-01
  8.03028105e-02  1.11326184e-01  1.11717362e-01  1.09705599e-01
  1.12595003e-01  1.14264474e-01  1.14683300e-01  1.14914968e-01
  1.05449696e-01  1.12758606e-01  1.13218115e-01  7.31414383e-02
  1.11989621e-01  9.89265662e-02  1.02684917e-01  9.05485924e-02
  9.39004971e-02  9.13618178e-02  9.37881337e-02  1.12181738e-01
  1.14277843e-01  1.14886545e-01  9.31384366e-02  1.16808212e-01
  1.14588248e-01  1.15541583e-01  1.11788782e-01  1.10939639e-01
  1.06954772e-01  8.69995666e-02  9.52325963e-02  6.94322046e-02
  8.25561745e-02  9.40455078e-02  7.95943855e-02  4.17245371e-02
  3.17103698e-02  3.19780060e-02  6.88298228e-02  8.47180786e-02
  6.55510146e-02  6.74690940e-02  5.71519833e-02  3.44929417e-02
  1.05351471e-01  2.37396132e-02  3.68228437e-02  4.53575402e-02
  6.43668039e-02  1.09205468e-01  1.11837155e-01  1.07926167e-01
  1.14629546e-01  1.02613795e-01  1.05392038e-01  1.06557086e-01
  9.67595382e-02  9.64278255e-02  1.05871150e-01  1.17308155e-01
  1.23901153e-01  1.23149317e-01  1.21195597e-01  1.17874287e-01
  1.22653122e-01  1.13597687e-01  9.51376675e-02  1.21891200e-01
  1.22762055e-01  1.19647293e-01  1.22379782e-01  1.17284645e-01
  1.15434734e-01  1.18857024e-01  1.12666583e-01  1.13279783e-01
  1.20633185e-01  1.98303489e-02  7.45397588e-02  1.20309191e-01
  1.19518288e-01  1.17417426e-01  1.17432177e-01  1.16042480e-01
  1.14359978e-01  1.16280539e-01  1.09604568e-01  1.15918711e-01
  1.17817281e-01  5.03267139e-02  1.17379712e-01  1.14902861e-01
  1.13951535e-01  1.19520362e-01  1.22396781e-01  1.17388196e-01
  1.22589140e-01  1.15835371e-01  1.19324285e-01  1.20583274e-01
  2.42741949e-02  1.19745511e-01  1.20435582e-01  1.21942551e-01
  1.19740219e-01  1.15608338e-01  1.18324392e-01  1.13915592e-01
  1.14246814e-01  1.13443872e-01  1.18674706e-01 -8.71910677e-03
  1.16729511e-01  1.15996699e-01  1.14916101e-01  1.18121330e-01
  1.19638500e-01  1.11392438e-01  1.15561262e-01  1.10119030e-01
  1.13826681e-01  1.06351096e-01 -2.71917782e-03  1.14405011e-01
  1.14377632e-01  1.18455787e-01  9.37680269e-02  1.11765579e-01
  1.06983333e-01  1.09056849e-01  1.11783876e-01  1.05478079e-01
  1.08296725e-01 -1.83429690e-03  1.13116715e-01  1.07779508e-01
  1.13500179e-01  1.09259703e-01  1.14717031e-01  1.07252420e-01
  1.17305029e-01  1.14418034e-01  1.14097395e-01  1.14933627e-01
  1.82932829e-04  1.17900013e-01  1.22663768e-01  1.22335602e-01
  1.22633874e-01  1.25574088e-01  1.22297964e-01  9.06103958e-02
  7.96869459e-02  1.03150333e-01  9.22423679e-02 -2.47204715e-02
  9.32344268e-02  9.05288754e-02  9.27601999e-02  8.59253651e-02
  8.57123372e-02  8.80566623e-02  9.78531352e-02  1.01075785e-01
  1.07950885e-01  1.08493913e-01 -1.35746873e-02  1.10526569e-01
  1.08778873e-01  1.06186529e-01  1.03673350e-01  9.64366909e-02
  1.09212723e-01  1.01482487e-01  9.96155114e-02  1.01534236e-01
  8.26386300e-02 -2.48600444e-02  7.93913607e-02  5.81368764e-03
 -5.76558570e-03  1.75931020e-02  8.89944178e-02  1.19692326e-01
  9.46666957e-02  6.34446728e-02  6.05095315e-02 -1.73529100e-02
 -3.25139379e-02 -1.99723686e-02  1.01551144e-02 -2.74399243e-04
  8.96718778e-02  1.10092421e-01  9.76962620e-02  9.38528904e-02
  6.42990556e-02  3.84586677e-02  8.77021257e-02  1.20124379e-01
  1.09089215e-03  9.04040005e-02  8.69275303e-02  1.13723814e-01
  1.02457555e-01  1.03704299e-01  1.05662580e-01  1.15168807e-01
  1.15711884e-01  1.14585917e-01  1.11227899e-01  3.00997934e-02
  1.04338647e-01  1.17541112e-01  1.12446973e-01  1.05717760e-01
  1.16243206e-01  1.15567814e-01  1.12393618e-01  7.79063977e-02
  1.02179367e-01  6.27160760e-02  4.03586008e-02  6.44137422e-02
  1.11104999e-01  1.14385116e-01  1.09900292e-01  1.17857233e-01
  1.19877103e-01  1.19345165e-01  1.22079658e-01  1.12907595e-01
  1.09986771e-01  8.45840217e-02  1.21195242e-01  1.20770630e-01
  1.19359737e-01  1.22414806e-01  1.17002369e-01  1.28124476e-01
  1.28809001e-01  1.23339020e-01  1.28342714e-01  1.21454520e-01
  8.80549936e-02  1.20833714e-01  1.18112188e-01  1.25544919e-01
  1.25188433e-01  1.18286862e-01  1.18372385e-01  1.15161135e-01
  1.10554698e-01  1.15028940e-01  1.08720526e-01  8.76860390e-02
  1.08911674e-01  8.42831206e-02  9.92089537e-02  6.71621751e-02
  8.32480061e-02  5.14532363e-02  3.93740483e-02  5.42632201e-02
  4.31364755e-02 -1.43858056e-02  9.58782238e-02 -3.62282252e-02
 -3.44569839e-02 -4.25308216e-02 -7.98293102e-02 -6.78541004e-02
 -5.35637683e-02 -6.96934650e-02 -9.83071695e-02 -2.68144676e-02
 -8.42132858e-03  9.58422756e-02  7.69334514e-02  4.61818213e-02
  5.40492420e-02  8.57832678e-02  1.02365528e-01  4.69775467e-02
  9.70719041e-02  1.09016096e-01  1.02854426e-01  1.07248388e-01
  9.80388596e-02  9.87805331e-02  1.02158754e-01  1.01641934e-01
  9.75009751e-02  9.76432353e-02  1.01464878e-01  1.10600545e-01
  1.05780976e-01  1.10335807e-01  1.05374705e-01  5.84306716e-02
  1.05307788e-01  1.11539991e-01  1.03999274e-01  1.03690453e-01
  1.00985708e-01  1.06351961e-01  9.95045417e-02  9.61594676e-02
  8.78640990e-02  1.03569815e-01  1.03518090e-01  9.58651124e-02
  1.01587103e-01  9.79791805e-02  9.97375052e-02  1.02459251e-01
  1.00351586e-01  1.07015014e-01  1.05350751e-01  1.01707334e-01
  1.12618987e-01  1.05885513e-01  9.20669196e-02  1.10405602e-01
  1.13603950e-01  1.13981677e-01  1.06319245e-01  1.05256487e-01
  1.11604103e-01  1.06175789e-01  1.03676672e-01  9.85411506e-02
  9.90601776e-02  9.94743438e-02  1.00245630e-01  1.03543383e-01
  8.45797563e-02  8.49402448e-02  9.48304828e-02  9.64400897e-02
  8.47137229e-02  9.65484772e-02  9.54284132e-02  9.43593441e-02
  1.00541077e-01  1.02190054e-01  1.06382042e-01  1.10886248e-01
  1.11861848e-01  1.09450161e-01  1.03744041e-01  9.77027564e-02
  8.61953233e-02  9.68769092e-02  1.01579243e-01  1.02365828e-01
  9.44906952e-02  8.69363105e-02  9.48520436e-02  9.54318570e-02
  9.34615732e-02  9.85362711e-02  9.84475515e-02  9.44486163e-02
  1.03121382e-01  1.01017492e-01  1.09237359e-01  9.07572928e-02
  8.36635924e-02  7.77677519e-02  6.75060887e-02  6.70508573e-02
  6.27882662e-02  7.27989334e-02  8.36138951e-02  8.12727713e-02
  7.56217606e-02  1.16691269e-01  6.49850874e-02  7.60468859e-02
  7.39149987e-02  6.98870030e-02  7.15305396e-02  7.94580085e-02
  6.72323828e-02  4.77116062e-02  4.73282115e-02  6.75921065e-02
  1.12343598e-01  5.37068021e-02  5.91837645e-02  4.19993524e-02
  6.72254290e-02  6.99727779e-02  4.26588294e-02  4.97948081e-02
  6.86303725e-02  7.70488659e-02  7.77548196e-02  1.13607921e-01
  8.00734072e-02  8.00636061e-02  8.35984564e-02  8.20488085e-02
  7.87256885e-02  9.12903040e-02  9.13829171e-02  9.15079437e-02
  9.62143173e-02  9.60925911e-02  8.63372259e-02  1.15706047e-01
  1.04835587e-01  1.04696697e-01  1.01182366e-01  9.22736676e-02
  9.44875226e-02  1.07479156e-01  1.00700944e-01  1.03163972e-01
  1.07915814e-01  9.43871784e-02  1.13455794e-01  9.25995545e-02
  8.60808142e-02  8.69116803e-02  1.04221805e-01  1.02990509e-01
  1.13888006e-01  9.87766415e-02  1.16399810e-01  1.05402799e-01
  1.18723114e-01  1.09123917e-01  9.11207365e-02  9.08979508e-02
  8.19168847e-02  5.65941243e-02 -7.24035416e-03 -5.10567139e-02
 -5.02623279e-02 -6.34218388e-02 -6.50371710e-02 -9.30226995e-03
  1.16191117e-01 -7.27449086e-02 -8.02930746e-02 -3.35704571e-02
  3.23174871e-02  7.92723907e-02  7.46068770e-02  7.96832319e-02
  7.03197105e-02  4.86236820e-02  3.69399185e-02  1.07909842e-01
  4.14697230e-02  3.52789246e-02  4.07711631e-02  5.02954813e-02
  1.60895578e-02 -3.56446453e-03 -1.51606729e-02 -3.69469115e-03
 -2.76295952e-02 -2.56845466e-02  9.20256088e-02 -7.26490332e-02
 -6.92100767e-02 -1.53360374e-01 -1.19274642e-01 -6.55712611e-02
 -9.38433666e-02 -1.27389735e-01 -1.36974394e-01 -1.12039223e-01
 -9.40365571e-02  7.77242045e-02 -9.32714578e-02 -8.43060865e-02
 -6.46318064e-02 -7.85071369e-02 -7.40669656e-02 -7.63232807e-02
 -7.60711240e-02 -7.92369058e-02 -7.67253856e-02 -6.93312416e-02
  9.03104795e-02 -8.20968855e-02 -7.92839975e-02 -8.80334008e-02
 -8.98400531e-02 -8.64938396e-02 -9.12946064e-02 -1.06181952e-01
 -1.22983657e-01 -1.38631109e-01 -1.65960909e-01  9.33722298e-02
 -1.80298923e-01 -1.87148378e-01 -1.90900657e-01 -1.78389529e-01
 -1.34215431e-01 -1.17786553e-01 -1.12128401e-01 -9.82789417e-02
 -9.82136805e-02 -9.65962068e-02  1.04901580e-01 -8.98767969e-02
 -9.32645452e-02 -8.89883656e-02 -8.09376018e-02 -6.53698071e-02
 -6.54920801e-02 -6.99684986e-02 -8.29261113e-03  6.02696175e-02
  5.14675531e-02  1.12591617e-01  1.04340640e-01  4.92545600e-02
  4.80494936e-02  6.51754539e-02  6.61107951e-02  6.95861789e-02
  8.46302354e-02  8.05908879e-02  3.78070256e-02  6.19597806e-02
  5.02654686e-02  1.00275418e-01  5.32823942e-02  5.40949747e-02
  2.94858232e-02  1.64359895e-02  5.18953231e-02  3.23828426e-02
  6.23439526e-02  5.51549562e-02  1.85308582e-02  1.65215810e-02
  1.00354863e-01  6.11228709e-02  6.34240071e-02  5.59138956e-02
  6.09485679e-02  6.99099895e-02  7.09837583e-02  7.86944992e-02
  7.42899289e-02  7.05039973e-02  7.28317261e-02  1.02804837e-01
  6.83642145e-02  7.31370702e-02  5.96508867e-02  3.03100378e-02
  5.73758668e-02  5.78714011e-02  5.61989938e-02  6.00136358e-02
  6.48518874e-02  5.84335368e-02  9.44485118e-02  3.65832712e-02
  4.21030610e-02  6.61392581e-02  5.47005321e-02  6.67136108e-02
  5.98805113e-02  6.44686230e-02  1.89645993e-02 -1.18452931e-02
  2.58584483e-02  1.01160302e-01  9.63511725e-04  1.69143312e-02
 -2.16684651e-03 -1.38405039e-02 -2.07405471e-02 -8.46015304e-03
 -1.13432419e-02 -2.12442998e-02 -1.62006427e-02 -5.35247074e-03
  8.97726227e-02 -2.36205119e-03 -4.29153347e-03 -5.83123031e-03
 -3.61329783e-02 -1.29509977e-02 -2.16040039e-02 -3.03019225e-02
 -8.43940414e-03  1.25303493e-02 -2.45097066e-02  8.45588850e-02
 -1.92448108e-02 -1.54994527e-02 -3.81950305e-02 -2.83682608e-02
 -3.04023643e-02 -3.08261611e-02 -3.05633043e-02 -4.43122789e-02
 -3.73507298e-02 -3.96228776e-02  7.91018656e-02 -4.06900239e-02
 -6.29347994e-02 -9.15974278e-02 -1.06327267e-01 -1.23211224e-01
 -1.24720965e-01 -1.45291581e-01 -1.42879138e-01 -1.93049928e-01
 -2.14222999e-01  6.65854318e-02 -2.19985038e-01 -2.06508755e-01
 -2.18739608e-01 -2.05413607e-01 -2.17009072e-01 -2.05001637e-01
 -1.90124959e-01 -1.43252076e-01 -1.89640144e-01 -2.22582473e-01
  1.11350953e-01  5.73611612e-02  5.61350556e-02  5.27253280e-02
  7.06154998e-02  7.98381016e-02  8.46919829e-02  1.01173030e-01
  1.02049318e-01  6.55358816e-02  8.11084223e-02]
