param settings:OneClassSVM(cache_size=200, coef0=0.0, degree=3, gamma=0.2, kernel='rbf',
      max_iter=-1, nu=0.1, random_state=None, shrinking=True, tol=0.001,
      verbose=False)
cluster_thresh:
feature select:['lbp', 'gab', 'glcm', 'hog', 'ori']
precision: {'precision_b1': 0.1009, 'precision': 0.8979, 'acc': 0.5595, 'recall_b1': 0.4219, 'recall': 0.5751, 'false_alert_b1': 0.8991, 'miss_alert_b1': 0.5781000000000001, 'false_alert': 0.10209999999999997, 'miss_alert': 0.42490000000000006, 'intersect_1': 651, 'intersect_b1': 54}
all_predict:
sum:1260
1 class :725
[2, 3, 5, 11, 13, 14, 17, 18, 22, 23, 24, 26, 27, 28, 31, 32, 33, 35, 37, 38, 39, 40, 41, 44, 45, 46, 47, 50, 52, 54, 57, 59, 60, 62, 63, 64, 66, 67, 69, 73, 75, 76, 79, 84, 85, 87, 88, 91, 92, 94, 98, 99, 101, 102, 103, 104, 105, 107, 108, 109, 110, 114, 116, 117, 122, 125, 127, 131, 132, 135, 137, 138, 142, 144, 145, 149, 150, 155, 157, 160, 161, 162, 164, 165, 167, 168, 170, 172, 173, 176, 179, 180, 184, 186, 187, 188, 192, 195, 196, 198, 199, 201, 202, 204, 205, 210, 212, 213, 215, 216, 217, 218, 219, 220, 223, 225, 227, 228, 229, 230, 232, 233, 235, 237, 239, 241, 242, 243, 244, 246, 248, 249, 250, 251, 252, 253, 254, 255, 257, 258, 260, 263, 264, 265, 266, 268, 269, 270, 272, 273, 275, 280, 281, 287, 288, 289, 293, 294, 295, 299, 301, 302, 303, 304, 305, 307, 309, 310, 311, 316, 318, 322, 323, 328, 330, 332, 333, 334, 337, 338, 339, 341, 344, 348, 349, 350, 353, 355, 356, 357, 358, 361, 363, 366, 367, 368, 369, 370, 371, 372, 374, 376, 379, 380, 381, 384, 387, 389, 391, 392, 396, 401, 403, 407, 409, 410, 411, 414, 418, 419, 420, 421, 427, 428, 429, 430, 432, 433, 434, 435, 437, 438, 439, 440, 443, 444, 445, 446, 447, 448, 449, 450, 453, 454, 456, 457, 458, 460, 462, 463, 464, 465, 467, 468, 470, 472, 473, 474, 475, 476, 477, 478, 479, 480, 481, 482, 483, 485, 486, 487, 489, 490, 491, 492, 494, 495, 496, 499, 500, 503, 504, 506, 507, 508, 510, 512, 513, 514, 515, 517, 519, 520, 521, 522, 526, 527, 533, 534, 536, 537, 538, 539, 541, 542, 543, 545, 546, 547, 548, 549, 550, 551, 552, 553, 554, 555, 557, 558, 559, 560, 561, 562, 563, 564, 565, 566, 567, 568, 571, 572, 573, 574, 575, 577, 581, 582, 583, 584, 585, 586, 587, 588, 589, 591, 593, 594, 596, 597, 598, 600, 601, 602, 606, 608, 610, 611, 612, 613, 615, 616, 617, 618, 620, 622, 623, 624, 627, 628, 629, 631, 633, 634, 636, 638, 639, 640, 642, 644, 647, 648, 649, 650, 651, 652, 654, 658, 659, 660, 663, 664, 665, 666, 669, 674, 675, 677, 682, 683, 686, 689, 690, 692, 694, 695, 696, 698, 701, 709, 710, 711, 713, 715, 717, 720, 721, 723, 724, 725, 729, 731, 733, 734, 735, 738, 741, 744, 746, 748, 751, 752, 753, 755, 758, 759, 760, 764, 765, 768, 769, 770, 773, 775, 776, 777, 778, 779, 781, 783, 786, 789, 792, 794, 796, 798, 799, 800, 802, 803, 804, 805, 807, 810, 812, 813, 814, 815, 816, 818, 819, 821, 823, 824, 829, 830, 831, 832, 833, 835, 837, 838, 841, 842, 843, 844, 846, 850, 851, 856, 858, 859, 863, 865, 867, 870, 871, 873, 875, 876, 877, 878, 879, 880, 882, 884, 886, 888, 890, 893, 894, 895, 896, 897, 898, 899, 900, 902, 903, 904, 905, 906, 907, 908, 911, 914, 916, 918, 922, 925, 930, 933, 935, 938, 940, 941, 942, 943, 947, 948, 950, 951, 953, 954, 958, 959, 960, 961, 962, 963, 964, 965, 967, 968, 970, 971, 972, 973, 974, 975, 978, 979, 980, 982, 984, 985, 988, 989, 990, 991, 994, 995, 996, 999, 1000, 1001, 1003, 1005, 1008, 1012, 1015, 1016, 1017, 1018, 1019, 1020, 1021, 1023, 1024, 1025, 1026, 1027, 1028, 1030, 1033, 1034, 1035, 1036, 1037, 1040, 1043, 1045, 1047, 1049, 1050, 1053, 1054, 1055, 1056, 1058, 1059, 1060, 1062, 1063, 1066, 1067, 1068, 1069, 1070, 1071, 1072, 1074, 1075, 1076, 1077, 1079, 1080, 1081, 1084, 1087, 1092, 1093, 1095, 1096, 1097, 1099, 1101, 1103, 1104, 1107, 1108, 1109, 1110, 1111, 1113, 1115, 1118, 1122, 1123, 1124, 1126, 1127, 1128, 1129, 1130, 1131, 1132, 1134, 1135, 1136, 1137, 1142, 1143, 1145, 1146, 1147, 1149, 1150, 1151, 1152, 1155, 1156, 1157, 1158, 1160, 1164, 1165, 1172, 1173, 1174, 1175, 1176, 1177, 1178, 1179, 1180, 1182, 1183, 1186, 1187, 1188, 1189, 1190, 1193, 1194, 1195, 1196, 1197, 1198, 1201, 1202, 1204, 1206, 1209, 1210, 1211, 1213, 1214, 1216, 1217, 1218, 1221, 1222, 1223, 1225, 1227, 1232, 1235, 1237, 1238, 1247, 1249, 1251, 1253, 1257, 1259, 1260]
-1 class :535
[1, 4, 6, 7, 8, 9, 10, 12, 15, 16, 19, 20, 21, 25, 29, 30, 34, 36, 42, 43, 48, 49, 51, 53, 55, 56, 58, 61, 65, 68, 70, 71, 72, 74, 77, 78, 80, 81, 82, 83, 86, 89, 90, 93, 95, 96, 97, 100, 106, 111, 112, 113, 115, 118, 119, 120, 121, 123, 124, 126, 128, 129, 130, 133, 134, 136, 139, 140, 141, 143, 146, 147, 148, 151, 152, 153, 154, 156, 158, 159, 163, 166, 169, 171, 174, 175, 177, 178, 181, 182, 183, 185, 189, 190, 191, 193, 194, 197, 200, 203, 206, 207, 208, 209, 211, 214, 221, 222, 224, 226, 231, 234, 236, 238, 240, 245, 247, 256, 259, 261, 262, 267, 271, 274, 276, 277, 278, 279, 282, 283, 284, 285, 286, 290, 291, 292, 296, 297, 298, 300, 306, 308, 312, 313, 314, 315, 317, 319, 320, 321, 324, 325, 326, 327, 329, 331, 335, 336, 340, 342, 343, 345, 346, 347, 351, 352, 354, 359, 360, 362, 364, 365, 373, 375, 377, 378, 382, 383, 385, 386, 388, 390, 393, 394, 395, 397, 398, 399, 400, 402, 404, 405, 406, 408, 412, 413, 415, 416, 417, 422, 423, 424, 425, 426, 431, 436, 441, 442, 451, 452, 455, 459, 461, 466, 469, 471, 484, 488, 493, 497, 498, 501, 502, 505, 509, 511, 516, 518, 523, 524, 525, 528, 529, 530, 531, 532, 535, 540, 544, 556, 569, 570, 576, 578, 579, 580, 590, 592, 595, 599, 603, 604, 605, 607, 609, 614, 619, 621, 625, 626, 630, 632, 635, 637, 641, 643, 645, 646, 653, 655, 656, 657, 661, 662, 667, 668, 670, 671, 672, 673, 676, 678, 679, 680, 681, 684, 685, 687, 688, 691, 693, 697, 699, 700, 702, 703, 704, 705, 706, 707, 708, 712, 714, 716, 718, 719, 722, 726, 727, 728, 730, 732, 736, 737, 739, 740, 742, 743, 745, 747, 749, 750, 754, 756, 757, 761, 762, 763, 766, 767, 771, 772, 774, 780, 782, 784, 785, 787, 788, 790, 791, 793, 795, 797, 801, 806, 808, 809, 811, 817, 820, 822, 825, 826, 827, 828, 834, 836, 839, 840, 845, 847, 848, 849, 852, 853, 854, 855, 857, 860, 861, 862, 864, 866, 868, 869, 872, 874, 881, 883, 885, 887, 889, 891, 892, 901, 909, 910, 912, 913, 915, 917, 919, 920, 921, 923, 924, 926, 927, 928, 929, 931, 932, 934, 936, 937, 939, 944, 945, 946, 949, 952, 955, 956, 957, 966, 969, 976, 977, 981, 983, 986, 987, 992, 993, 997, 998, 1002, 1004, 1006, 1007, 1009, 1010, 1011, 1013, 1014, 1022, 1029, 1031, 1032, 1038, 1039, 1041, 1042, 1044, 1046, 1048, 1051, 1052, 1057, 1061, 1064, 1065, 1073, 1078, 1082, 1083, 1085, 1086, 1088, 1089, 1090, 1091, 1094, 1098, 1100, 1102, 1105, 1106, 1112, 1114, 1116, 1117, 1119, 1120, 1121, 1125, 1133, 1138, 1139, 1140, 1141, 1144, 1148, 1153, 1154, 1159, 1161, 1162, 1163, 1166, 1167, 1168, 1169, 1170, 1171, 1181, 1184, 1185, 1191, 1192, 1199, 1200, 1203, 1205, 1207, 1208, 1212, 1215, 1219, 1220, 1224, 1226, 1228, 1229, 1230, 1231, 1233, 1234, 1236, 1239, 1240, 1241, 1242, 1243, 1244, 1245, 1246, 1248, 1250, 1252, 1254, 1255, 1256, 1258]

score : [-1.48928011e-04 -4.80337616e-05 -3.35743870e-05 ... -4.25384869e-04
 -2.30894499e-04  9.03732008e-05]
