param settings:EllipticEnvelope(assume_centered=False, contamination=0.2, random_state=None,
         store_precision=True, support_fraction=0.7)
cluster_thresh:
feature select:['lbp', 'gab', 'glcm', 'hog', 'ori']
precision: {'precision_b1': 0.6833, 'precision': 0.9013, 'acc': 0.8576, 'recall_b1': 0.634, 'recall': 0.9191, 'false_alert_b1': 0.3167, 'miss_alert_b1': 0.366, 'false_alert': 0.09870000000000001, 'miss_alert': 0.08089999999999997, 'intersect_1': 648, 'intersect_b1': 123}
all_predict:
sum:899
1 class :719
[2, 3, 4, 6, 7, 8, 9, 10, 11, 12, 13, 14, 15, 16, 17, 18, 19, 20, 21, 22, 23, 24, 25, 26, 27, 28, 29, 30, 31, 32, 33, 34, 35, 36, 37, 38, 39, 40, 41, 42, 43, 44, 45, 46, 47, 48, 49, 50, 51, 52, 53, 54, 55, 56, 57, 58, 59, 60, 61, 62, 63, 64, 65, 66, 67, 68, 69, 70, 71, 72, 73, 74, 75, 76, 77, 78, 79, 80, 81, 82, 83, 84, 85, 86, 87, 88, 89, 90, 91, 92, 93, 94, 95, 96, 97, 98, 99, 100, 101, 102, 103, 104, 105, 106, 107, 108, 109, 110, 111, 112, 113, 114, 115, 116, 117, 118, 119, 120, 121, 122, 123, 124, 125, 126, 127, 128, 129, 130, 131, 132, 133, 134, 135, 136, 137, 138, 139, 140, 141, 142, 143, 144, 145, 146, 147, 148, 149, 150, 151, 152, 153, 154, 155, 156, 157, 158, 159, 160, 161, 162, 163, 164, 165, 166, 167, 168, 169, 170, 171, 172, 173, 174, 175, 176, 177, 178, 179, 180, 181, 182, 183, 184, 185, 186, 187, 188, 189, 190, 191, 192, 193, 194, 195, 196, 197, 198, 199, 201, 202, 203, 204, 205, 206, 207, 208, 209, 210, 211, 212, 216, 217, 218, 219, 220, 221, 222, 223, 224, 225, 244, 245, 246, 247, 248, 249, 250, 251, 252, 253, 254, 255, 256, 257, 258, 259, 260, 261, 262, 263, 264, 265, 266, 267, 268, 269, 270, 271, 272, 273, 274, 275, 276, 277, 278, 279, 280, 281, 282, 283, 284, 285, 286, 287, 288, 289, 290, 291, 292, 293, 294, 295, 296, 297, 298, 299, 300, 301, 302, 303, 304, 305, 306, 307, 308, 309, 310, 311, 312, 313, 314, 315, 316, 317, 318, 319, 320, 321, 322, 323, 324, 325, 326, 327, 328, 329, 330, 331, 332, 333, 334, 335, 336, 337, 338, 339, 340, 341, 342, 343, 344, 345, 346, 347, 348, 349, 350, 351, 352, 353, 354, 355, 356, 357, 358, 359, 360, 361, 362, 363, 364, 365, 366, 367, 368, 369, 370, 371, 372, 373, 374, 375, 376, 377, 378, 379, 380, 381, 382, 383, 384, 385, 386, 387, 388, 389, 390, 391, 392, 393, 394, 395, 396, 397, 398, 399, 400, 401, 402, 403, 404, 405, 406, 407, 408, 409, 410, 411, 412, 413, 414, 415, 416, 417, 418, 419, 420, 421, 422, 423, 424, 425, 426, 427, 428, 429, 430, 431, 432, 433, 434, 435, 436, 437, 438, 439, 440, 441, 442, 444, 445, 446, 447, 448, 449, 450, 451, 452, 453, 454, 455, 456, 457, 458, 459, 460, 461, 462, 463, 464, 465, 466, 468, 469, 470, 471, 472, 473, 474, 475, 476, 477, 478, 479, 480, 481, 482, 485, 489, 490, 491, 494, 495, 496, 497, 502, 504, 505, 509, 513, 514, 515, 516, 517, 518, 519, 520, 521, 522, 523, 524, 525, 526, 527, 528, 529, 530, 531, 532, 533, 534, 535, 536, 537, 538, 539, 540, 541, 542, 543, 544, 545, 546, 547, 548, 549, 550, 551, 552, 553, 554, 555, 556, 557, 558, 559, 560, 561, 562, 563, 564, 566, 579, 580, 581, 582, 583, 584, 585, 586, 587, 588, 589, 590, 591, 592, 593, 594, 595, 596, 597, 598, 599, 600, 601, 602, 603, 604, 605, 606, 607, 608, 609, 610, 611, 612, 613, 614, 615, 616, 617, 618, 619, 620, 621, 622, 623, 624, 625, 626, 627, 628, 629, 630, 631, 632, 633, 634, 635, 636, 637, 638, 639, 640, 641, 642, 643, 644, 645, 646, 647, 648, 649, 650, 651, 652, 653, 654, 655, 656, 657, 658, 659, 660, 661, 662, 663, 664, 665, 666, 667, 668, 669, 670, 671, 672, 673, 674, 675, 676, 677, 678, 679, 680, 681, 682, 683, 684, 685, 686, 687, 688, 689, 690, 691, 692, 693, 694, 695, 696, 697, 698, 699, 700, 701, 702, 703, 704, 705, 706, 709, 710, 711, 712, 713, 714, 715, 716, 717, 718, 719, 720, 721, 722, 729, 733, 734, 735, 736, 737, 738, 739, 743, 797, 798, 799, 800, 801, 802, 803, 804, 805, 806, 807, 808, 809, 810, 811, 812, 813, 814, 815, 816, 817, 818, 819, 820, 821, 822, 823, 824, 825, 826, 827, 828, 829, 830, 831, 832, 833, 834, 835, 836, 837, 838, 839, 840, 841, 842, 846]
-1 class :180
[1, 5, 200, 213, 214, 215, 226, 227, 228, 229, 230, 231, 232, 233, 234, 235, 236, 237, 238, 239, 240, 241, 242, 243, 443, 467, 483, 484, 486, 487, 488, 492, 493, 498, 499, 500, 501, 503, 506, 507, 508, 510, 511, 512, 565, 567, 568, 569, 570, 571, 572, 573, 574, 575, 576, 577, 578, 707, 708, 723, 724, 725, 726, 727, 728, 730, 731, 732, 740, 741, 742, 744, 745, 746, 747, 748, 749, 750, 751, 752, 753, 754, 755, 756, 757, 758, 759, 760, 761, 762, 763, 764, 765, 766, 767, 768, 769, 770, 771, 772, 773, 774, 775, 776, 777, 778, 779, 780, 781, 782, 783, 784, 785, 786, 787, 788, 789, 790, 791, 792, 793, 794, 795, 796, 843, 844, 845, 847, 848, 849, 850, 851, 852, 853, 854, 855, 856, 857, 858, 859, 860, 861, 862, 863, 864, 865, 866, 867, 868, 869, 870, 871, 872, 873, 874, 875, 876, 877, 878, 879, 880, 881, 882, 883, 884, 885, 886, 887, 888, 889, 890, 891, 892, 893, 894, 895, 896, 897, 898, 899]

score : [-2.25648915e+03  3.14355274e+04  3.15338864e+04  3.15914944e+04
  3.15751019e+04  3.15816277e+04  3.16128839e+04  3.15856610e+04
  3.15368915e+04  3.15505023e+04  3.15387157e+04  3.15586068e+04
  3.01625617e+04  3.15349717e+04  3.15032347e+04  3.15019321e+04
  3.15079070e+04  3.15123932e+04  3.15281849e+04  3.15207803e+04
  3.15251254e+04  3.15340730e+04  3.15270448e+04  3.14411905e+04
  3.15690714e+04  3.14983334e+04  3.15807512e+04  3.16230963e+04
  3.16143049e+04  3.15821110e+04  3.16105034e+04  3.16196515e+04
  3.16189309e+04  3.16312379e+04  3.01868050e+04  3.16579386e+04
  3.16359281e+04  3.16074270e+04  3.15404620e+04  3.15428729e+04
  3.15734177e+04  3.15720481e+04  3.15841672e+04  3.15833389e+04
  3.16067265e+04  3.14690814e+04  3.16238063e+04  3.16462644e+04
  3.16056986e+04  3.15431611e+04  3.15601439e+04  3.15927597e+04
  3.15923570e+04  3.15921088e+04  3.15851873e+04  3.15755876e+04
  3.14580701e+04  3.16554316e+04  3.15971110e+04  3.16067118e+04
  3.16078745e+04  3.15529884e+04  3.15839487e+04  3.15683913e+04
  3.15930954e+04  3.16175526e+04  3.16052973e+04  3.15800991e+04
  3.15866380e+04  3.15763090e+04  3.16250576e+04  3.16314005e+04
  3.16140991e+04  3.16007566e+04  3.16256662e+04  3.16150053e+04
  3.16720638e+04  3.16516514e+04  3.15564636e+04  3.16421198e+04
  3.16569514e+04  3.16369044e+04  3.16722228e+04  3.16084263e+04
  3.16483297e+04  3.16565884e+04  3.16484601e+04  3.16035035e+04
  3.16422351e+04  3.15057930e+04  3.16268420e+04  3.16175328e+04
  3.16119780e+04  3.16146570e+04  3.16071290e+04  3.15428345e+04
  3.15890187e+04  3.16129343e+04  3.16002118e+04  3.16243988e+04
  2.89710993e+04  3.16022905e+04  3.15343423e+04  3.15501872e+04
  3.15349823e+04  3.15328161e+04  3.15532594e+04  3.15268268e+04
  3.14945733e+04  2.86139771e+04  2.83991616e+04  9.74742957e+03
  2.97690047e+04 -2.46716815e+05  2.77371964e+04  2.72288304e+04
  2.73023040e+04  2.70087485e+04  2.57905853e+04  2.18192244e+04
  2.25797747e+04  2.66530078e+04  2.73901958e+04  3.14632043e+04
  2.81081699e+04  3.13633435e+04  2.94650556e+04 -2.12188833e+05
 -1.94069155e+05 -1.94453201e+05  2.99884143e+04  3.15447291e+04
  3.16532772e+04  3.15982997e+04  3.00224148e+04  3.16145071e+04
  3.15478666e+04  3.14838229e+04  2.18126800e+04  9.39300349e+03
  7.48718823e+03 -2.97800638e+03 -7.54748142e+03 -1.26158293e+04
 -2.21230513e+04  3.07332711e+04 -4.12068832e+04 -3.89050879e+04
 -3.04628435e+05 -2.27188517e+05 -1.11560098e+05 -1.49572148e+05
 -1.75284128e+05 -1.60344760e+05 -5.88806068e+05 -8.77884985e+04
  3.14882384e+04 -1.23348070e+05 -5.90755947e+05 -2.30934993e+05
 -6.52150810e+03  1.08069471e+04  2.78815209e+04  3.14513744e+04
  3.14888542e+04  3.05965506e+04  3.14328654e+04  3.04749182e+04
  2.98974668e+04  3.15338679e+04  3.15546305e+04  3.15704697e+04
  3.16001468e+04  3.16032732e+04  3.16174315e+04  3.16206907e+04
  3.15698868e+04  3.16387737e+04  3.01049641e+04  3.15756570e+04
  2.27204230e+04  2.15941287e+04  2.27597949e+04  2.10853679e+04
  2.58669958e+04  2.93110826e+04  3.14385109e+04  3.14739822e+04
  3.15091578e+04  3.15125106e+04  3.16191402e+04  3.16159026e+04
  3.16191743e+04  3.16197826e+04  3.15965772e+04  3.16084694e+04
  3.15738928e+04  3.16007925e+04  3.15651252e+04  3.15832791e+04
  3.14812883e+04  3.16104015e+04  3.16111103e+04  3.15975261e+04
  3.16516933e+04  3.15848669e+04  3.15808810e+04  3.15669079e+04
  3.15463836e+04  3.15364329e+04  3.15057172e+04  2.98469141e+04
  3.15426250e+04  3.14651989e+04  3.15168458e+04  3.15514555e+04
  3.15630735e+04  3.15347542e+04  3.15981146e+04  3.15330428e+04
  3.15321399e+04  3.15216741e+04  2.50632980e+04  3.14169828e+04
  3.15177082e+04  3.14778020e+04  3.15199529e+04  3.15205640e+04
  3.15297493e+04  3.15132799e+04  3.15163337e+04  3.15017327e+04
  3.15310113e+04  3.15380706e+04  2.89937299e+04  3.14758357e+04
  3.15385776e+04  3.15444844e+04  3.15358631e+04  3.15934966e+04
  3.16072131e+04  3.16059115e+04  3.15972339e+04  3.15736296e+04
  3.16073894e+04  2.89030939e+04  3.15920689e+04  3.07676927e+04
  3.15491975e+04  3.16095184e+04  3.16012964e+04  3.15968157e+04
  3.16026171e+04  3.15641982e+04  3.15357859e+04  3.15377681e+04
  2.68920003e+04  3.15286435e+04  3.15690781e+04  3.15681055e+04
  3.15630134e+04  3.15677644e+04  3.15569779e+04  3.16023571e+04
  3.15507982e+04  3.15727291e+04  3.16226115e+04  2.62243874e+04
  3.15765630e+04  3.14842090e+04  3.15039633e+04  3.15141980e+04
  3.14978056e+04  3.15078255e+04  3.15080627e+04  3.15762455e+04
  3.15547514e+04  3.15350994e+04  2.84157932e+04  3.15456175e+04
  3.15329412e+04  3.15267176e+04  3.15077981e+04  3.14677478e+04
  3.03084749e+04  3.14383596e+04  3.14408792e+04  2.97362389e+04
  2.87967724e+04  2.86608876e+04  2.86676087e+04  2.63493592e+04
  2.69029725e+04  2.63074847e+04  2.72523915e+04  2.81319747e+04
  2.79742937e+04  2.75314930e+04  2.67733505e+04  2.59451448e+04
  3.13949508e+04  2.65660667e+04  2.70516831e+04  2.56553500e+04
  2.85222854e+04  3.14319469e+04  3.14349122e+04  3.00990511e+04
  3.14376033e+04  2.91259039e+04  2.92753364e+04  2.80903283e+04
  3.14297762e+04  2.96606265e+04  3.14372034e+04  3.14994892e+04
  3.15444664e+04  3.15660384e+04  3.15467541e+04  3.15772915e+04
  3.15689688e+04  3.15810792e+04  2.89617959e+04  3.16109430e+04
  3.15939654e+04  3.16284465e+04  3.16330954e+04  3.15818149e+04
  3.16211700e+04  3.16800793e+04  3.16549592e+04  3.16006976e+04
  3.16110869e+04  1.79157414e+04  2.76247121e+04  3.16343517e+04
  3.15736041e+04  3.16107589e+04  3.16979125e+04  3.16680837e+04
  3.17125276e+04  3.17072281e+04  3.16749823e+04  3.16728286e+04
  3.16792374e+04  2.56032238e+04  3.17078893e+04  3.16848293e+04
  3.16916164e+04  3.16916887e+04  3.16319006e+04  3.16572354e+04
  3.16892593e+04  3.16355711e+04  3.16357475e+04  3.16493330e+04
  2.37041259e+04  3.16964688e+04  3.16529030e+04  3.16421462e+04
  3.16404106e+04  3.16584175e+04  3.16701924e+04  3.16689470e+04
  3.16870504e+04  3.16685423e+04  3.16670011e+04  2.34766369e+04
  3.16333634e+04  3.16788458e+04  3.16087802e+04  3.16811896e+04
  3.16503233e+04  3.16806637e+04  3.15981913e+04  3.15613464e+04
  3.16157624e+04  3.16302508e+04  2.38652373e+04  3.16397192e+04
  3.16090259e+04  3.04909493e+04 -1.62782617e+06  3.15001548e+04
  3.15468414e+04  3.15492330e+04  3.11183232e+04  3.16261969e+04
  3.16386792e+04  2.31104901e+04  3.16424143e+04  3.15529403e+04
  3.16407631e+04  3.15956389e+04  3.15865933e+04  3.16362461e+04
  3.15594979e+04  3.09803097e+04  3.10549362e+04  3.15700726e+04
  2.40663971e+04  3.15887737e+04  3.16108342e+04  3.16198532e+04
  3.16094735e+04  3.15744253e+04  3.15037606e+04  3.14685917e+04
 -1.58983392e+06  2.83713787e+04  3.15358701e+04  2.22610047e+04
  3.15936855e+04  3.15740808e+04  3.16083316e+04  3.15714351e+04
  3.15864601e+04  3.14933384e+04  2.97840527e+04  2.81383720e+04
  2.73208309e+04  2.83313875e+04  2.17483908e+04  3.14167061e+04
  2.95840691e+04  1.40291729e+04 -1.37051788e+05 -1.88210891e+05
  2.19016885e+04 -1.34058571e+06 -1.32103265e+06 -1.67606106e+06
  1.79806958e+04  2.29060449e+04  1.75030304e+04  1.34091290e+04
 -1.35189165e+06 -1.47600805e+06  2.59229265e+04  2.24269255e+04
  1.73082028e+04  6.49535951e+03 -7.58691572e+03 -2.30135944e+04
 -1.78447437e+04  2.26478263e+04 -2.42615546e+05 -1.15739698e+05
  2.00879945e+04 -1.47649373e+06  1.71047011e+04  1.54464189e+04
 -2.07736673e+06 -9.85238625e+05 -9.73522889e+05  2.63097968e+04
  2.53814803e+04 -5.61578460e+05 -4.12978788e+05 -4.08358961e+05
  2.58402130e+04  2.68645564e+04  2.88384957e+04  2.95528167e+04
  3.14525626e+04  3.14401592e+04  3.02849776e+04  2.76694274e+04
  3.00900276e+04  3.14835011e+04  3.15684238e+04  3.14994279e+04
  3.03289284e+04  3.06011100e+04  3.14820748e+04  3.00342889e+04
  2.35404284e+04  3.15364676e+04  2.89778258e+04  3.15456776e+04
  3.14967635e+04  3.15076502e+04  3.15274802e+04  3.16043886e+04
  3.16072307e+04  3.15237831e+04  3.14535804e+04  2.97289599e+04
  3.01221441e+04  3.07211590e+04  3.15008127e+04  2.99867179e+04
  3.14919234e+04  3.15040383e+04  3.14798569e+04  3.15375293e+04
  3.15781187e+04  3.15850551e+04  3.14855144e+04  3.15421049e+04
  3.14820593e+04  3.15430372e+04  3.15735396e+04  3.15206919e+04
  3.15939302e+04  3.15045693e+04  2.99518285e+04  2.99066321e+04
  2.94760189e+04  3.14289133e+04  3.01029754e+04  3.14914553e+04
  3.13947491e+04  2.41664003e+04  2.38784656e+04  1.74395628e+04
  2.41694311e+04 -6.81257722e+04  7.35746452e+02 -1.07279052e+02
 -6.28084937e+05 -3.83165266e+05  3.15191409e+04 -8.06578154e+05
 -1.20718316e+06 -7.84932746e+05 -1.94528224e+05 -1.81131654e+05
 -1.34452214e+05 -6.58200959e+04 -9.12162675e+04 -7.37783107e+03
  1.05811984e+03  3.15367858e+04  1.64012147e+04  1.95301227e+04
  1.92285477e+04  2.26802729e+04  2.55014634e+04  1.59944257e+04
  2.34965314e+04  3.14630642e+04  3.15051500e+04  3.14799689e+04
  3.15379846e+04  3.15498344e+04  3.15338867e+04  3.15331626e+04
  3.15227206e+04  3.15475808e+04  3.15477759e+04  3.15251301e+04
  3.14909950e+04  3.15574804e+04  3.15413007e+04  1.66413357e+04
  3.15541739e+04  3.15186521e+04  3.14980098e+04  3.15360925e+04
  3.15575749e+04  3.15518916e+04  3.14939532e+04  2.90293821e+04
  2.88211600e+04  3.14442074e+04  3.14539518e+04  3.15748287e+04
  3.14506914e+04  2.94075501e+04  2.93661541e+04  2.99174939e+04
  3.15123713e+04  3.14814660e+04  3.15594130e+04  3.15697921e+04
  3.14956781e+04  3.15079359e+04  3.15959902e+04  3.14733203e+04
  3.14914746e+04  3.15218200e+04  3.16021743e+04  3.15925205e+04
  3.14911786e+04  3.15390357e+04  3.14755533e+04  3.14736882e+04
  3.15685817e+04  3.15788566e+04  3.15368997e+04  3.15515769e+04
  3.15834149e+04  3.16349706e+04  3.15821899e+04  3.15575393e+04
  3.16039138e+04  3.16110090e+04  3.16195880e+04  3.16039853e+04
  3.15703253e+04  3.15996797e+04  3.16032833e+04  3.16117303e+04
  3.16121416e+04  3.15996611e+04  3.16050840e+04  3.16264046e+04
  3.16052639e+04  3.15652882e+04  3.15694190e+04  3.15431848e+04
  3.15862525e+04  3.16277653e+04  3.15718756e+04  3.16157488e+04
  3.15879935e+04  3.15930989e+04  3.16172869e+04  3.16414611e+04
  3.15902763e+04  3.16124691e+04  3.15492394e+04  3.16320287e+04
  3.16091892e+04  3.16519969e+04  3.16268948e+04  3.16530436e+04
  3.16570259e+04  3.15812927e+04  3.15735832e+04  3.15837433e+04
  3.15996484e+04  3.15209036e+04  3.16109235e+04  3.16030070e+04
  3.16364583e+04  3.16042565e+04  3.16543963e+04  3.16605117e+04
  3.16546902e+04  3.16275584e+04  3.16616457e+04  3.16259850e+04
  3.15341454e+04  3.16166982e+04  3.16149132e+04  3.16698779e+04
  3.16353590e+04  3.16359299e+04  3.16374964e+04  3.16709175e+04
  3.16604193e+04  3.16771667e+04  3.15853403e+04  3.15579562e+04
  3.15899178e+04  3.15949216e+04  3.15897109e+04  3.15849871e+04
  3.15327871e+04  3.15072220e+04  3.14544537e+04  3.02621948e+04
  2.94732520e+04  3.14638746e+04  2.74881349e+04  3.15545465e+04
  3.14974734e+04  3.15349876e+04  3.16064458e+04  3.16108399e+04
  3.15554562e+04  3.14601448e+04  2.70727322e+04 -2.45103293e+06
 -2.72113852e+06  2.67199639e+04  3.15930344e+04  2.49850001e+04
  2.40315033e+04  2.63963449e+04  2.95072503e+04  3.14365742e+04
  3.14394931e+04  1.42071445e+04  2.62764596e+04  2.41650256e+04
  1.82553423e+04  3.15767590e+04  9.63489579e+03  1.30721644e+04
  9.33427586e+03 -1.77983375e+03 -9.83140004e+03 -1.18084156e+06
 -1.28771055e+06 -7.53569580e+05 -7.49685927e+03  1.31528089e+04
  3.15429931e+04 -4.32772282e+05 -3.37850965e+05 -2.56562337e+06
  1.33595674e+04  1.92971742e+04  1.69328563e+04  1.78315991e+04
  1.62035574e+04  1.18707476e+04  2.99490708e+03  3.15481684e+04
 -2.36993767e+03 -7.49477625e+03 -3.10373083e+05  3.73767587e+03
 -5.14250788e+03 -4.40608065e+03 -2.83514010e+06 -3.40776575e+06
 -4.19542367e+06 -4.83438432e+06  3.15089920e+04 -7.77140958e+06
 -3.22186966e+07 -1.98409794e+08 -1.88899922e+08 -3.78068957e+07
 -3.41880267e+08 -7.81118600e+08 -8.67798450e+08 -9.09319899e+08
 -6.19093797e+08  3.14855384e+04 -5.24759461e+08 -3.34395607e+08
 -9.42151668e+07 -1.23642315e+08 -7.71786854e+07 -1.19690916e+08
 -1.22991410e+08 -1.11998039e+08 -9.82728730e+07 -8.39047010e+07
  3.15010335e+04 -1.54238704e+08 -1.00842414e+08 -1.14337893e+08
 -1.25041360e+08 -1.07876297e+08 -1.89096068e+08 -2.81709195e+08
 -5.77659733e+08 -5.68661117e+08 -1.26339282e+07  3.14840806e+04
 -1.66187509e+07 -5.57540056e+07 -5.36640292e+07 -6.91736093e+07
 -4.65377334e+07 -1.75214127e+07 -8.98243583e+06 -2.49841246e+06
 -1.11364709e+06 -5.08616817e+05  3.15053783e+04 -4.22540664e+05
 -3.55102512e+05 -3.37886850e+05 -3.02909060e+05 -2.93416138e+05
 -2.91715350e+05 -2.82926742e+05  7.15193677e+01  7.86443165e+03
  1.00055056e+04  2.92628347e+04  3.15499884e+04  9.57425887e+03
  1.37464720e+04  1.68006793e+04  2.11913478e+04  2.25607309e+04
  2.39315128e+04  2.31943067e+04  2.58176562e+04  2.64787273e+04
  2.55596566e+04  3.15332299e+04  2.60608892e+04  2.38373398e+04
  2.81888485e+04  2.87497883e+04  2.28341860e+04  2.79694026e+04
  1.75703749e+04  2.38856481e+04  3.14619489e+04  3.14447093e+04
  3.15094070e+04  9.14733967e+03  1.08558331e+04  2.09082589e+04
  1.09875464e+04  2.49218860e+04  2.66971283e+04  1.58806682e+04
  2.39712788e+04  1.63644597e+04  1.53206618e+04  3.15327707e+04
  1.33346335e+04  2.73469616e+04  3.13952725e+04  2.85351440e+04
  2.50050324e+04  2.58245599e+04  2.56604238e+04  2.19502674e+04
  2.04659980e+04  2.36608472e+04  3.15047526e+04  2.70041886e+04
  2.36450086e+04  1.71789259e+04 -2.17894282e+06 -2.32857721e+06
 -2.33772710e+06  1.31818326e+04 -2.55507673e+06 -2.15704846e+06
 -2.04499156e+06  3.15042252e+04 -2.24356910e+06 -2.57527956e+06
 -2.65895994e+06 -2.75301888e+06 -2.84958288e+06 -3.18858263e+06
 -3.19654649e+06 -3.18984287e+06 -3.26041151e+06 -3.33541834e+06
  3.14916238e+04 -3.47445823e+06 -3.94054319e+06 -3.97260256e+06
 -3.79507475e+06 -3.87288163e+06 -3.78075477e+06 -3.96664798e+06
 -7.38229613e+06 -6.93782730e+06 -7.98868543e+06  3.15075478e+04
 -8.43970915e+06 -8.50390815e+06 -8.96091758e+06 -9.54966538e+06
 -9.78686098e+06 -9.79549486e+06 -1.01415371e+07 -1.04060178e+07
 -1.09981703e+07 -1.83931743e+07  3.08885361e+04 -2.36318117e+07
 -5.78359977e+07 -2.47087257e+08 -3.22959007e+08 -5.28642343e+08
 -4.63274843e+08 -6.15558610e+08 -9.23802034e+08 -3.28148475e+09
 -5.01551376e+09  3.07044223e+04 -6.02333608e+09 -4.40636074e+09
 -5.17254354e+09 -3.96274828e+09 -5.99662294e+09 -5.21785862e+09
 -4.39949857e+09 -1.01044509e+09 -3.11572638e+09 -7.63003054e+09
  3.14414022e+04  3.14561546e+04  3.14666043e+04  3.14622488e+04
  3.14971491e+04  3.15287685e+04  3.15324301e+04  3.15391055e+04
  3.15898366e+04  3.14707170e+04  3.15287261e+04]
