param settings:LocalOutlierFactor(algorithm='auto', contamination=0.2, leaf_size=30,
          metric='minkowski', metric_params=None, n_jobs=None,
          n_neighbors=35, novelty=False, p=2)
cluster_thresh:
feature select:['hog']
precision: {'precision_b1': 0.4056, 'precision': 0.8317, 'acc': 0.7464, 'recall_b1': 0.3763, 'recall': 0.8482, 'false_alert_b1': 0.5944, 'miss_alert_b1': 0.6236999999999999, 'false_alert': 0.1683, 'miss_alert': 0.15180000000000005, 'intersect_1': 598, 'intersect_b1': 73}
all_predict:
sum:899
1 class :719
[2, 3, 4, 5, 7, 8, 9, 10, 12, 13, 14, 15, 16, 17, 18, 19, 21, 22, 23, 24, 25, 26, 27, 28, 29, 32, 33, 34, 35, 36, 37, 38, 39, 40, 41, 42, 43, 44, 45, 46, 47, 48, 49, 50, 51, 52, 53, 54, 55, 58, 59, 61, 62, 63, 64, 65, 66, 68, 69, 70, 75, 76, 80, 81, 84, 85, 87, 88, 89, 90, 91, 92, 93, 94, 95, 96, 97, 98, 99, 100, 101, 102, 103, 104, 105, 106, 107, 108, 109, 110, 111, 112, 113, 114, 115, 116, 117, 118, 119, 120, 121, 122, 123, 124, 125, 126, 127, 128, 129, 130, 131, 132, 133, 134, 135, 136, 137, 138, 140, 141, 142, 143, 144, 145, 146, 147, 148, 149, 150, 151, 152, 153, 154, 155, 156, 157, 158, 159, 160, 161, 162, 163, 164, 165, 166, 168, 169, 170, 171, 173, 174, 175, 176, 177, 179, 180, 181, 182, 183, 184, 185, 186, 187, 188, 189, 190, 191, 192, 193, 194, 195, 196, 197, 198, 199, 200, 202, 209, 210, 211, 212, 213, 214, 215, 216, 221, 222, 223, 226, 227, 230, 233, 234, 235, 236, 237, 238, 239, 240, 241, 242, 243, 244, 245, 246, 247, 248, 249, 251, 252, 253, 254, 255, 256, 257, 258, 259, 260, 261, 262, 263, 264, 265, 266, 267, 268, 269, 270, 271, 272, 273, 274, 275, 276, 277, 278, 279, 280, 281, 282, 283, 286, 287, 288, 289, 290, 291, 292, 293, 294, 295, 296, 297, 298, 299, 300, 301, 302, 303, 304, 305, 306, 307, 308, 309, 310, 311, 312, 314, 315, 316, 317, 318, 319, 320, 321, 322, 323, 324, 325, 326, 327, 328, 329, 330, 331, 332, 333, 334, 335, 336, 337, 338, 339, 340, 341, 342, 343, 344, 345, 346, 347, 348, 349, 350, 351, 352, 353, 354, 355, 356, 357, 358, 359, 360, 361, 362, 363, 364, 365, 366, 367, 368, 369, 371, 374, 375, 377, 378, 379, 380, 381, 382, 383, 384, 385, 386, 387, 388, 389, 390, 391, 392, 393, 394, 395, 396, 397, 398, 399, 400, 401, 402, 403, 404, 405, 406, 407, 408, 409, 410, 411, 412, 413, 414, 415, 416, 417, 418, 419, 420, 424, 425, 426, 427, 428, 429, 430, 431, 432, 433, 434, 435, 436, 437, 438, 439, 440, 441, 442, 444, 449, 450, 451, 452, 453, 454, 455, 456, 458, 459, 461, 464, 466, 467, 468, 469, 482, 489, 491, 493, 494, 495, 496, 497, 498, 502, 503, 506, 508, 509, 510, 512, 513, 514, 516, 517, 519, 521, 522, 523, 524, 525, 526, 527, 528, 529, 530, 531, 532, 533, 534, 535, 536, 538, 539, 540, 541, 542, 543, 544, 545, 546, 548, 549, 550, 551, 552, 553, 554, 555, 556, 559, 560, 561, 562, 563, 564, 565, 566, 567, 568, 569, 571, 572, 573, 574, 575, 577, 580, 581, 582, 583, 584, 585, 586, 593, 594, 595, 596, 597, 598, 599, 600, 601, 602, 603, 604, 605, 608, 609, 610, 612, 613, 614, 615, 616, 617, 618, 619, 620, 621, 622, 623, 624, 625, 626, 627, 628, 629, 630, 631, 632, 633, 634, 635, 636, 637, 638, 639, 640, 641, 642, 643, 644, 645, 646, 647, 648, 649, 650, 651, 652, 653, 654, 655, 656, 657, 658, 659, 660, 661, 662, 663, 664, 665, 666, 667, 668, 669, 670, 671, 672, 673, 674, 675, 676, 677, 678, 679, 680, 681, 682, 683, 684, 685, 686, 687, 688, 689, 690, 691, 692, 694, 695, 697, 698, 699, 700, 701, 703, 704, 705, 706, 707, 708, 709, 710, 711, 712, 713, 714, 715, 716, 717, 718, 719, 720, 721, 722, 723, 724, 725, 726, 727, 728, 729, 730, 731, 732, 733, 734, 735, 736, 738, 739, 740, 741, 742, 744, 746, 747, 748, 749, 750, 751, 777, 778, 779, 781, 782, 787, 788, 789, 790, 791, 792, 793, 794, 795, 796, 799, 800, 801, 802, 804, 805, 806, 807, 808, 809, 810, 811, 812, 813, 814, 815, 816, 817, 818, 819, 820, 821, 822, 823, 824, 825, 826, 827, 828, 829, 830, 831, 832, 833, 834, 835, 836, 837, 838, 839, 840, 841, 842, 843, 844, 845, 846, 849, 851, 853, 854, 855, 857, 858, 859, 860, 862, 864, 865, 866, 867, 868, 871, 872, 874, 877, 879, 881]
-1 class :180
[1, 6, 11, 20, 30, 31, 56, 57, 60, 67, 71, 72, 73, 74, 77, 78, 79, 82, 83, 86, 139, 167, 172, 178, 201, 203, 204, 205, 206, 207, 208, 217, 218, 219, 220, 224, 225, 228, 229, 231, 232, 250, 284, 285, 313, 370, 372, 373, 376, 421, 422, 423, 443, 445, 446, 447, 448, 457, 460, 462, 463, 465, 470, 471, 472, 473, 474, 475, 476, 477, 478, 479, 480, 481, 483, 484, 485, 486, 487, 488, 490, 492, 499, 500, 501, 504, 505, 507, 511, 515, 518, 520, 537, 547, 557, 558, 570, 576, 578, 579, 587, 588, 589, 590, 591, 592, 606, 607, 611, 693, 696, 702, 737, 743, 745, 752, 753, 754, 755, 756, 757, 758, 759, 760, 761, 762, 763, 764, 765, 766, 767, 768, 769, 770, 771, 772, 773, 774, 775, 776, 780, 783, 784, 785, 786, 797, 798, 803, 847, 848, 850, 852, 856, 861, 863, 869, 870, 873, 875, 876, 878, 880, 882, 883, 884, 885, 886, 887, 888, 889, 890, 891, 892, 893, 894, 895, 896, 897, 898, 899]

score : [-2.44951305 -1.2951026  -0.98671935 -0.97857153 -0.99846921 -0.97492686
 -0.99429544 -0.97390898 -0.96450475 -0.97373147 -1.12213967 -1.06838436
 -1.39363667 -1.00981244 -1.01439759 -1.00487532 -1.06839844 -1.02079976
 -0.99597133 -0.96595165 -0.96527191 -0.96900968 -1.09199558 -1.11345319
 -1.09413992 -1.22594172 -0.99738268 -0.98668848 -1.00130751 -1.0112101
 -0.98551406 -0.99287766 -0.97832102 -0.98720564 -1.18926005 -1.00207707
 -1.00431736 -0.99867298 -1.01807253 -1.0557852  -0.97085921 -1.02253843
 -1.23461054 -1.23593403 -1.55919077 -1.0116474  -1.01008798 -1.0185934
 -0.98593156 -1.02936931 -1.09703269 -0.99090802 -0.96206721 -0.99563449
 -0.96013942 -1.02082218 -1.13692327 -1.06259725 -0.96158191 -0.97827174
 -0.97077577 -0.99239082 -0.97596322 -0.97168709 -0.97032979 -0.98381801
 -0.99211851 -0.99955848 -0.99290543 -0.98233811 -0.990933   -0.98879173
 -1.00860601 -0.9926336  -0.97971235 -1.47619776 -0.97868662 -0.99564637
 -1.04137018 -1.05639955 -1.02319976 -1.75593533 -0.99292081 -1.00752534
 -0.99526961 -0.99351146 -0.99739487 -1.45846357 -0.98122628 -0.97156291
 -1.20852446 -0.98143817 -0.98455093 -0.98434544 -0.9839361  -1.25326511
 -1.25370518 -0.98805927 -0.994036   -0.98278396 -1.0089425  -0.99601211
 -0.98333796 -1.1490153  -1.12384418 -1.00507273 -0.98301275 -0.98915903
 -0.99592576 -1.1901592  -1.32659793 -1.09271284 -1.48856487 -1.22906
 -1.51183574 -1.08708463 -1.4927734  -1.44286553 -1.42077973 -1.45954743
 -1.44808684 -1.35246296 -1.33190212 -1.01344491 -1.31400932 -1.03782021
 -1.0493306  -1.08129542 -1.13921997 -1.1035896  -1.03496183 -1.43093149
 -1.42559718 -1.42892307 -0.99930603 -1.39207802 -1.03132475 -1.05378882
 -1.04156957 -1.50994728 -1.48378396 -1.01231919 -1.01376499 -1.94789586
 -1.63733832 -1.21708752 -1.04998902 -1.46829745 -1.68394155 -1.0133059
 -1.01331208 -1.01457909 -1.08946451 -1.10575992 -1.03245789 -1.0066344
 -1.28489674 -1.00809423 -1.00372125 -1.00282172 -1.0078345  -1.00621637
 -1.00228352 -1.34263673 -1.23492955 -1.01945523 -1.01089829 -1.24877536
 -1.3601029  -1.00695452 -0.99428966 -0.9985832  -1.00335841 -0.99958979
 -0.98456699 -1.00219751 -0.99339811 -1.0024641  -0.96316607 -1.00171849
 -0.98645195 -1.03791973 -1.10304828 -1.22271632 -1.03003317 -1.17405164
 -1.04315826 -1.1647238  -1.14767536 -1.01384368 -1.29092352 -1.09432399
 -1.09629015 -1.07264185 -1.14433345 -1.1901796  -1.05590651 -1.10934418
 -1.12439201 -1.18945835 -1.32732774 -1.13484228 -1.18912034 -1.11028484
 -1.04716805 -1.81723575 -1.81377617 -0.98752838 -1.13479166 -1.19516826
 -1.06644238 -1.1302738  -1.22801654 -1.00711719 -1.02292582 -0.99822598
 -1.00666138 -1.01703733 -1.07821582 -1.07447802 -1.02370308 -1.02529504
 -1.24870065 -1.43780345 -1.10126356 -1.01684254 -1.00785319 -1.00568112
 -0.99543175 -0.998412   -1.04777504 -1.12952765 -1.12206956 -1.05625167
 -1.39047722 -1.29884393 -1.21551942 -1.05923079 -1.34609751 -1.03217701
 -1.01158836 -1.02745181 -1.01861118 -1.03213937 -1.16462511 -1.14793733
 -1.208632   -0.97277306 -0.99383483 -0.98880447 -1.02123002 -1.0178457
 -1.0388698  -1.01477997 -1.06517796 -0.99345325 -1.19827212 -0.99635677
 -1.01680586 -0.98542666 -1.00987113 -1.0155196  -1.00688866 -1.01184929
 -1.02908825 -1.02686745 -1.01898117 -1.03692208 -1.01625597 -1.02132994
 -1.01418745 -1.00566461 -1.01527072 -1.00525046 -1.02718611 -1.00720434
 -1.01464876 -1.02228282 -1.12499212 -0.98878529 -0.98436131 -0.99261832
 -1.01284629 -1.00703983 -1.04748456 -1.06805073 -1.04443137 -0.99136048
 -0.99003518 -1.06315306 -0.98698777 -0.98429987 -1.00185475 -1.23274777
 -1.27515732 -0.99912193 -0.99345244 -0.99498176 -1.25260492 -1.27974438
 -1.16530055 -1.61356372 -1.19187742 -1.60527788 -1.65077805 -1.22146262
 -1.25609368 -1.51221042 -1.29704049 -1.00411797 -1.00071175 -1.10551429
 -1.12179223 -0.99460957 -0.99471392 -0.99615706 -1.00275838 -0.98358396
 -0.98662386 -0.98699128 -0.98289205 -1.00183298 -1.00249685 -1.00710633
 -0.99012413 -0.97786045 -1.00043737 -0.99144953 -0.98141503 -1.02070188
 -1.04424974 -0.98392723 -0.96869361 -1.03121855 -1.05823649 -1.01705594
 -1.00905885 -1.025425   -0.99014082 -0.97568747 -0.98834743 -1.00697438
 -0.98665007 -0.98304654 -0.98735574 -1.00526539 -0.98684704 -0.99534813
 -0.97726072 -0.98119578 -0.97287907 -0.97326053 -0.98626724 -1.00622031
 -0.9780539  -0.98223566 -1.00132409 -1.01690552 -1.7479485  -1.55702646
 -1.54475401 -0.99109165 -0.97688688 -0.98331359 -0.97789035 -0.97772311
 -0.97400087 -0.99358771 -0.97156999 -0.97197791 -1.00487407 -0.97119069
 -1.01268089 -0.98504203 -1.03204081 -0.97029709 -1.15739646 -1.19011811
 -1.02491729 -1.02024287 -1.15826742 -1.07188573 -1.60991297 -1.06406563
 -1.50679117 -1.47010951 -1.52489777 -1.58288566 -1.18125425 -1.04142943
 -1.16451104 -1.25665535 -1.19331331 -1.15090366 -1.11281415 -1.11700805
 -1.09746673 -1.40279368 -1.26906899 -1.09500422 -0.98939609 -1.50217762
 -1.06787122 -1.41704611 -1.38363275 -1.02120281 -1.53200463 -1.02668652
 -1.12152766 -1.13937615 -1.2104039  -1.01267521 -1.59023289 -1.74291109
 -1.5938317  -1.43227256 -1.41503862 -1.81203267 -1.62324899 -1.5197726
 -1.64775111 -1.42506235 -1.00489072 -1.51337842 -1.53163986 -1.04318807
 -1.69172921 -1.43062734 -1.61147295 -1.35234995 -1.39966703 -2.47388157
 -0.98100755 -1.005708   -2.4213101  -1.21585575 -1.47819111 -1.26370184
 -1.16299405 -1.30976575 -1.0333962  -1.08469766 -1.11821312 -1.79149203
 -1.25679388 -0.9862236  -1.52912904 -1.6663896  -1.10135787 -1.16057983
 -1.53415143 -1.82720241 -1.30300683 -1.80311876 -1.21432092 -1.17046058
 -0.99440086 -1.19197612 -1.51435726 -1.18846333 -1.31821297 -1.19572307
 -1.47161083 -1.1029511  -1.24661017 -1.53460519 -1.00778305 -1.2787977
 -1.72194494 -1.222731   -1.05335693 -0.97499592 -1.10517444 -0.98440726
 -1.23963276 -1.00059894 -0.99380645 -0.99672139 -1.2804975  -0.99677016
 -0.9952266  -1.00145386 -1.04842632 -0.9760308  -0.97101434 -0.98467719
 -1.67128118 -1.08935703 -1.06563275 -1.27620632 -1.02503356 -1.15495018
 -1.04498193 -1.04369375 -1.33989935 -1.13658395 -1.05039905 -1.74103679
 -1.32818132 -1.00838669 -1.30870055 -1.21182437 -1.10236934 -1.15624085
 -1.17369913 -1.02106024 -1.15867957 -1.00267351 -1.42289804 -1.36069539
 -0.99656146 -1.42915617 -0.98437369 -1.27570585 -0.98643869 -1.17029252
 -0.99231299 -0.99755229 -1.0099086  -1.21063878 -1.0065524  -1.03753263
 -1.40148851 -1.37191054 -1.26766248 -1.02414478 -1.03945344 -1.22043791
 -1.30972025 -1.52342883 -1.04136794 -1.45784548 -1.59398065 -1.06973079
 -1.32877779 -1.1958489  -0.98094838 -1.04952556 -1.14307292 -1.11479783
 -1.23153698 -1.3654183  -1.35659287 -1.55195147 -1.06923363 -1.4979781
 -1.45892168 -1.51876989 -1.16289897 -1.00287094 -1.24343555 -1.17494938
 -1.17671217 -1.0518392  -1.21630991 -1.61994661 -1.50134916 -1.17559412
 -0.99250413 -1.10148006 -1.02317239 -0.99881811 -1.23023738 -1.3650346
 -1.37763282 -1.25866012 -0.98804722 -1.09042264 -0.98939304 -1.34681959
 -1.26023134 -1.13134053 -0.99020345 -1.00217282 -0.98205194 -1.00903144
 -1.17452053 -1.00760519 -1.09461469 -1.11077649 -0.99496719 -1.03625253
 -1.01994195 -1.02468346 -0.99281332 -0.9912039  -0.9821743  -1.01233185
 -0.9881397  -1.05328365 -0.99783043 -0.99080658 -0.98140023 -0.98479434
 -0.98918966 -0.98756356 -1.00859335 -1.00850554 -0.98617816 -0.995075
 -1.07734709 -0.9840546  -0.98836579 -0.99240651 -0.991874   -0.99646073
 -0.9954462  -1.00799228 -1.00610053 -0.98456029 -0.99998262 -1.28985805
 -1.00398935 -0.98900039 -0.98563548 -0.98951888 -0.98706224 -1.00241364
 -1.08254323 -1.01115038 -0.99923884 -0.99698117 -1.04637987 -0.99693453
 -0.98880645 -0.99751507 -0.98619413 -0.98325381 -0.98500587 -0.99625322
 -1.08693651 -1.01291977 -1.01928049 -1.50124079 -1.02202385 -0.99780986
 -0.9847953  -0.9982405  -0.99052144 -0.99455885 -0.99330374 -0.99598794
 -0.99487038 -0.99074651 -1.03235496 -0.99135243 -0.99218909 -0.99087188
 -0.99228565 -0.99538026 -1.11582825 -0.99278868 -0.98632249 -0.98687742
 -0.99868882 -1.05038592 -1.04130271 -0.99434147 -0.98607351 -1.37035458
 -1.1228702  -1.26694218 -1.5918703  -1.1946214  -1.16391559 -1.31221964
 -1.32967676 -1.04993624 -1.24148126 -1.10508015 -1.38694759 -0.99959192
 -1.10208976 -1.16887801 -1.06474521 -1.27072509 -0.99409328 -1.0024444
 -1.39355198 -1.30004638 -1.06643287 -1.09353992 -1.14777095 -1.24794602
 -1.1983493  -1.24847071 -1.06242305 -1.1950906  -0.99498728 -1.65635251
 -1.06454098 -1.03035634 -1.06677546 -1.05588259 -1.12521535 -1.0723883
 -1.04071965 -1.04541245 -1.0345419  -1.01378996 -1.51867868 -1.01710918
 -1.10755664 -1.05374595 -1.07473003 -1.18234283 -0.98970585 -1.21370457
 -1.645772   -1.21668119 -1.16794139 -1.55077475 -1.00296706 -1.17888215
 -1.06746187 -1.58736205 -1.16037603 -1.4244497  -1.15833182 -1.0932983
 -1.02518285 -1.24491457 -1.22597175 -1.02345338 -1.15100093 -1.61938122
 -1.70301673 -1.99225126 -2.02637106 -1.79423789 -1.49131639 -1.56104146
 -1.55005313 -1.25648215 -2.10750505 -2.54219788 -2.62153267 -2.49163563
 -1.59467213 -1.71634471 -1.39294231 -1.64527685 -2.43080589 -1.71140319
 -1.72480528 -1.67698206 -3.18137055 -2.37280107 -2.38422402 -2.48197629
 -2.3166338  -2.05607591 -1.17479071 -1.34422137 -1.16624932 -1.34541829
 -1.89880211 -1.28745382 -1.29436373 -1.35385514 -1.83572568 -1.37584354
 -1.37773341 -1.26082132 -1.11527075 -1.10732782 -1.62223028 -1.12195977
 -1.04834506 -1.15333932 -1.05001496 -1.06417935 -1.04993582 -1.11464344
 -1.76139148 -1.43205094 -0.99799482 -1.28607839 -1.15130313 -1.02404189
 -1.00107114 -1.03679603 -1.36243176 -1.03745294 -1.00760238 -0.97968193
 -1.01551482 -0.98043255 -1.20499543 -1.22538426 -1.01395833 -1.06849592
 -1.20034834 -1.21093789 -0.99398285 -0.98321333 -1.05669351 -1.07448067
 -1.01604941 -1.03520415 -1.69116706 -1.04196287 -1.05642869 -1.1168324
 -1.13582066 -1.06459649 -1.09811169 -1.08702601 -1.07396301 -1.04457013
 -1.03720833 -1.57514908 -1.05761525 -1.12856749 -1.16449392 -1.2368851
 -0.99393817 -0.98730856 -1.03208625 -1.02966425 -1.21528225 -1.04551458
 -1.02324292 -1.10684427 -1.1365584  -1.02136508 -1.07149198 -1.05176135
 -1.06820335 -1.06969419 -1.61518582 -2.54258945 -1.15758246 -1.31060857
 -1.68085958 -1.26441592 -2.37574121 -1.11871161 -1.02498511 -1.17599733
 -1.4768673  -1.20713728 -1.04332517 -1.11874571 -1.77198879 -1.04637342
 -1.9791935  -1.16646231 -3.00783679 -1.06720636 -1.06710785 -1.18204058
 -1.00992798 -1.10915323 -1.59665428 -1.00717508 -1.41290825 -1.25193353
 -1.05655377 -2.1464013  -1.2408077  -2.41881407 -1.34708647 -1.30532709
 -1.60133446 -1.33170584 -1.01145395 -1.73835875 -1.33731771 -2.63354115
 -2.00273904 -3.55635726 -2.63669745 -2.12307956 -1.72782714 -2.84162988
 -1.62435913 -1.09470652 -2.37793278 -1.6074453  -2.02761105 -2.01218945
 -1.51348867 -1.55097089 -1.92842073 -1.50373607 -2.61920698 -2.66127924
 -1.24282959 -1.00692993 -1.16954533 -1.27582841 -0.99877805 -1.15043078
 -1.18813756 -1.14793584 -1.0611005  -1.17662486 -0.97678144]
