param settings:OneClassSVM(cache_size=200, coef0=0.0, degree=3, gamma=0.2, kernel='rbf',
      max_iter=-1, nu=0.2, random_state=None, shrinking=True, tol=0.001,
      verbose=False)
cluster_thresh:
feature select:['hog']
precision: {'precision_b1': 0.296, 'precision': 0.8151, 'acc': 0.6707, 'recall_b1': 0.3814, 'recall': 0.7504, 'false_alert_b1': 0.704, 'miss_alert_b1': 0.6186, 'false_alert': 0.18489999999999995, 'miss_alert': 0.24960000000000004, 'intersect_1': 529, 'intersect_b1': 74}
all_predict:
sum:899
1 class :649
[1, 6, 7, 9, 10, 11, 12, 13, 14, 15, 16, 17, 21, 22, 24, 25, 33, 34, 35, 36, 38, 39, 41, 42, 43, 44, 46, 47, 48, 49, 50, 51, 53, 55, 57, 58, 64, 66, 67, 68, 69, 70, 71, 72, 73, 74, 75, 76, 79, 80, 83, 84, 86, 87, 88, 91, 92, 94, 96, 97, 99, 100, 101, 102, 103, 104, 105, 106, 107, 108, 109, 110, 111, 112, 114, 115, 116, 117, 118, 120, 122, 123, 124, 125, 126, 127, 128, 129, 130, 131, 134, 136, 137, 138, 140, 141, 143, 144, 145, 146, 147, 148, 149, 150, 151, 152, 153, 154, 155, 156, 157, 158, 159, 160, 161, 162, 163, 164, 165, 166, 167, 168, 169, 170, 171, 173, 174, 175, 179, 180, 181, 182, 183, 184, 185, 186, 187, 188, 189, 192, 193, 195, 196, 199, 204, 205, 207, 208, 210, 211, 213, 216, 217, 218, 220, 221, 222, 223, 226, 227, 230, 233, 234, 235, 237, 239, 241, 242, 243, 244, 245, 246, 248, 251, 252, 253, 254, 255, 256, 257, 258, 259, 260, 261, 262, 265, 266, 268, 270, 271, 273, 274, 275, 276, 277, 278, 279, 280, 282, 283, 284, 285, 286, 287, 289, 290, 291, 293, 294, 295, 296, 298, 299, 300, 301, 302, 303, 304, 305, 306, 308, 309, 310, 311, 312, 314, 315, 316, 317, 318, 319, 321, 322, 324, 325, 326, 327, 330, 331, 332, 333, 336, 337, 338, 339, 340, 341, 342, 343, 344, 345, 346, 347, 348, 349, 350, 351, 352, 353, 354, 356, 358, 359, 362, 364, 365, 367, 368, 369, 371, 374, 375, 376, 378, 379, 380, 381, 382, 383, 384, 385, 386, 387, 388, 389, 390, 391, 392, 393, 394, 395, 396, 397, 398, 399, 400, 402, 403, 404, 405, 406, 407, 408, 409, 410, 411, 412, 413, 414, 415, 416, 417, 418, 419, 420, 421, 422, 423, 424, 425, 426, 427, 428, 429, 430, 431, 432, 433, 434, 435, 436, 437, 438, 439, 440, 441, 442, 445, 446, 447, 449, 450, 451, 452, 453, 454, 455, 457, 458, 462, 463, 464, 466, 467, 474, 476, 477, 479, 480, 481, 484, 485, 486, 487, 488, 489, 493, 497, 501, 502, 503, 504, 505, 508, 509, 511, 513, 515, 516, 517, 519, 520, 521, 522, 523, 524, 528, 529, 530, 531, 532, 533, 534, 535, 536, 540, 541, 542, 543, 545, 546, 547, 551, 552, 553, 554, 555, 556, 558, 559, 561, 562, 563, 564, 565, 566, 567, 568, 569, 570, 571, 572, 573, 574, 575, 576, 577, 581, 582, 583, 584, 585, 587, 590, 591, 592, 594, 595, 596, 598, 599, 600, 601, 602, 603, 604, 607, 609, 610, 611, 612, 613, 614, 615, 616, 617, 619, 620, 621, 622, 623, 624, 626, 627, 628, 629, 630, 631, 632, 633, 634, 635, 636, 637, 638, 639, 640, 641, 642, 643, 644, 645, 646, 648, 649, 650, 651, 652, 653, 654, 655, 656, 657, 658, 659, 660, 661, 662, 663, 664, 665, 666, 667, 668, 669, 670, 671, 672, 673, 674, 675, 676, 677, 678, 679, 680, 681, 682, 683, 684, 686, 687, 688, 692, 693, 694, 696, 698, 699, 701, 702, 703, 705, 707, 708, 710, 711, 712, 713, 714, 716, 718, 719, 720, 721, 722, 723, 724, 725, 726, 727, 728, 731, 732, 733, 734, 735, 736, 741, 743, 744, 746, 747, 748, 749, 750, 751, 752, 753, 754, 755, 760, 764, 767, 768, 769, 770, 771, 772, 773, 778, 780, 785, 787, 792, 797, 799, 801, 802, 804, 805, 806, 808, 810, 811, 812, 813, 814, 815, 816, 817, 819, 822, 823, 826, 827, 828, 829, 830, 831, 833, 835, 836, 837, 839, 840, 843, 844, 845, 846, 851, 854, 855, 856, 857, 858, 859, 860, 861, 862, 863, 864, 865, 867, 872, 876, 878, 879, 880, 881, 886, 888, 889, 890, 892, 894, 895, 897, 899]
-1 class :250
[2, 3, 4, 5, 8, 18, 19, 20, 23, 26, 27, 28, 29, 30, 31, 32, 37, 40, 45, 52, 54, 56, 59, 60, 61, 62, 63, 65, 77, 78, 81, 82, 85, 89, 90, 93, 95, 98, 113, 119, 121, 132, 133, 135, 139, 142, 172, 176, 177, 178, 190, 191, 194, 197, 198, 200, 201, 202, 203, 206, 209, 212, 214, 215, 219, 224, 225, 228, 229, 231, 232, 236, 238, 240, 247, 249, 250, 263, 264, 267, 269, 272, 281, 288, 292, 297, 307, 313, 320, 323, 328, 329, 334, 335, 355, 357, 360, 361, 363, 366, 370, 372, 373, 377, 401, 443, 444, 448, 456, 459, 460, 461, 465, 468, 469, 470, 471, 472, 473, 475, 478, 482, 483, 490, 491, 492, 494, 495, 496, 498, 499, 500, 506, 507, 510, 512, 514, 518, 525, 526, 527, 537, 538, 539, 544, 548, 549, 550, 557, 560, 578, 579, 580, 586, 588, 589, 593, 597, 605, 606, 608, 618, 625, 647, 685, 689, 690, 691, 695, 697, 700, 704, 706, 709, 715, 717, 729, 730, 737, 738, 739, 740, 742, 745, 756, 757, 758, 759, 761, 762, 763, 765, 766, 774, 775, 776, 777, 779, 781, 782, 783, 784, 786, 788, 789, 790, 791, 793, 794, 795, 796, 798, 800, 803, 807, 809, 818, 820, 821, 824, 825, 832, 834, 838, 841, 842, 847, 848, 849, 850, 852, 853, 866, 868, 869, 870, 871, 873, 874, 875, 877, 882, 883, 884, 885, 887, 891, 893, 896, 898]

score : [ 5.64833969e-05  7.40631552e-02  7.36613143e-02  1.01435593e-01
  6.55155859e-02  9.85658214e-02  6.70049088e-02  1.94453301e-01
  7.41419667e-02  7.40020431e-02  1.00739550e-04  1.32992444e-02
  2.12942998e-04  7.50325648e-04  1.33160134e-04  2.56289643e-02
 -1.18283282e-04  3.38041475e-02  3.77381192e-02  9.15026821e-05
  4.81789462e-02  9.96706729e-02 -2.77031999e-06  4.72224861e-02
  7.14116734e-02 -8.10572050e-05  9.86082645e-02  1.45738477e-01
  1.15718019e-01  3.02915344e-02  9.28953469e-02  1.25600472e-01
  2.15023489e-01  1.82526898e-01  4.34066241e-02  4.55890746e-02
  6.26263821e-02 -9.33124199e-05 -2.80438571e-04  3.50637833e-04
 -1.98804222e-04  3.21515418e-04  9.23035050e-05  3.81187122e-03
 -1.11995670e-05  1.84109704e-01  1.15826874e-01  1.96265639e-04
 -4.48490155e-04  5.76224312e-02  3.33150907e-02  1.86437580e-01
  1.37784517e-01  1.01761372e-04  1.22608706e-01  5.81090060e-05
  5.31264123e-03  3.82003352e-02  4.96607444e-02  1.25685242e-01
  1.82548444e-01  8.48731351e-02  9.24591448e-02  8.17248625e-02
  2.13903947e-01  2.37568936e-01  6.17553541e-02  2.66824083e-01
  1.44705931e-01  8.50665362e-03  1.71264024e-01  1.24072674e-01
  9.52536842e-02  1.70414292e-01  9.31859519e-02  2.54626239e-06
  1.15838127e-01  1.19994656e-01  1.45254281e-01  4.01841983e-04
  3.30228900e-02 -8.29353023e-06  1.60511540e-01  2.61771779e-02
  2.63779134e-02 -1.57549198e-05 -9.11576736e-05 -1.32286309e-07
  1.06549196e-01 -1.42514072e-04  4.74756711e-04  1.73432387e-02
  3.21211393e-02  9.83465616e-02  2.52568574e-02  1.79803117e-02
  7.80923456e-06  1.63088104e-02  5.57426814e-06  3.90629175e-02
 -3.76522201e-05 -2.09860792e-04 -2.42041817e-04  4.09304429e-04
  1.25057774e-05 -3.41930360e-04  1.27650219e-01  5.68660599e-06
 -3.32854570e-04 -1.32698278e-05  4.11292454e-05 -3.11734353e-05
 -6.65751526e-05 -2.52376690e-04 -3.29855809e-04 -2.42247670e-05
 -3.35519978e-04  3.02986007e-04  2.67821828e-02 -3.38939743e-06
  1.63393073e-04  1.32069791e-04 -4.70707401e-04  4.30740925e-04
  9.86960964e-05  4.06195680e-05 -8.52356297e-05  3.38119582e-04
 -2.28272224e-05 -1.88297603e-04  7.05161792e-03  1.56996147e-04
  4.37957119e-05 -3.21205427e-05  5.66782111e-02  1.90394281e-04
  5.72032506e-02  1.56987546e-04  2.88915523e-04 -4.03918231e-04
 -2.17115509e-04  4.07799970e-04  2.66310376e-04 -1.94261616e-05
 -4.88298479e-05 -3.62719508e-04  3.50202703e-04 -1.25269337e-04
 -3.47015910e-04  7.26056245e-03  1.79602963e-02  9.88805913e-05
 -8.27010144e-05  4.17209015e-04 -8.51087674e-05  9.16720812e-02
  1.60209385e-05 -2.82174755e-04  1.85716485e-04  1.58110780e-04
  5.70400435e-02  1.05200428e-06  2.68719061e-05  7.32994185e-05
 -4.44938900e-05  4.21025352e-04 -1.57704606e-04  1.91325193e-04
 -4.04103984e-04  5.59755359e-02  6.15001927e-02  5.95331387e-02
  8.66449625e-04  2.19829726e-04  8.66662357e-02  4.99217164e-02
  3.80263822e-04  2.86615523e-02 -1.74582377e-04  2.77399275e-04
  1.22546803e-01  2.34468434e-04 -2.19611357e-06 -8.70904470e-06
  2.04770158e-04  4.83482730e-04 -3.70287747e-04  2.20743603e-04
 -4.68676098e-05 -9.75009023e-05  2.21743632e-04  4.85570219e-02
 -4.29677974e-05  1.80548239e-04  1.91536948e-02  7.40991098e-05
  7.94140289e-03  5.26657693e-02  6.34416001e-02  6.78383823e-02
 -2.94618504e-04  1.52429470e-01 -3.72300754e-04  1.31152840e-01
  2.63352058e-01  3.18087280e-08  3.61620808e-04  1.82874064e-01
  1.09873328e-04 -1.42200712e-04  1.56548940e-04 -2.60786937e-04
  3.34151694e-04  2.65226227e-01 -1.86786501e-05  2.22630306e-01
  6.49514620e-02  6.35024686e-02  4.51468470e-02 -2.23524439e-04
  6.07520443e-02  9.01847730e-02 -3.89356568e-04 -2.60762772e-04
  4.83852900e-04  9.12322643e-02  1.69170433e-01  1.78477061e-01
  4.75979411e-02  8.58365661e-05  1.40935063e-01 -8.65245504e-06
  1.84234191e-02  1.25319439e-01 -2.36235608e-04  1.87910039e-04
  1.27932725e-02  1.69104227e-01 -3.05123137e-04  4.97102394e-02
  1.62870352e-01  6.80208533e-02  1.97485528e-04  1.25607815e-01
  2.64009412e-02 -2.55259646e-04 -3.88793253e-04  1.81034712e-04
  2.56115384e-01 -3.43100794e-05  1.92151654e-01  1.23038981e-01
  2.01116233e-04  2.58667950e-02 -2.87287989e-04 -1.70564535e-04
  7.93786154e-02  9.55160454e-03  3.98190126e-02  7.88428405e-02
  5.17022106e-02 -7.78575609e-05 -5.03384633e-05  1.07871579e-01
  5.22133172e-02  5.39724348e-02  1.70182022e-01  2.52386219e-01
  1.91112237e-01  1.35703991e-01  2.42990249e-01  2.42630284e-01
  4.30114936e-04  2.50963806e-01  4.71348784e-04  1.01788007e-01
  3.16410424e-02  8.86712934e-02  1.33119412e-01  6.00415703e-03
  8.99301794e-05  7.49354755e-02  2.55693929e-01  6.55176080e-02
 -3.62767480e-04  3.62070528e-02 -2.31963941e-04  1.66753663e-01
  3.40650342e-02  1.20833198e-01 -3.17803705e-04 -1.01582546e-04
  8.44231219e-05 -4.51213211e-05  3.99083635e-03  7.04617516e-02
 -3.12535929e-05  1.51663987e-01  8.70219240e-02  1.18336323e-04
 -3.15010116e-04 -3.80335926e-04  3.73576939e-02 -4.82833360e-04
 -4.34041507e-04  9.02551228e-06  4.35328954e-03  1.56421911e-06
 -1.49719464e-04  2.86874828e-03  2.61080513e-02  5.87307963e-02
  5.47222661e-02  6.32518642e-02  3.66181304e-01  1.11077234e-01
  5.89325583e-02  2.42101832e-01  1.82539090e-01  2.92250249e-01
  3.77459749e-01  2.93357633e-01  7.02882446e-02  4.37287954e-01
  7.63119779e-02  3.10528801e-01  2.15248534e-01  2.92003502e-01
  2.15135998e-01  1.73559130e-01  1.29118963e-01  1.93698421e-01
  1.69037713e-01 -7.47419154e-05 -3.45720215e-04  1.49537489e-01
 -2.80844648e-04  8.35949045e-02  2.44771630e-01  1.35991401e-01
  9.63284367e-02  6.44016452e-02  8.51429799e-02  1.74181719e-01
  2.82033057e-01  2.99156552e-02  2.23006414e-01  1.83494084e-01
  2.31095038e-01  2.12556338e-01  2.26303161e-01  1.75704457e-01
  2.11950177e-01  9.77636502e-02  2.07008763e-01  1.98740570e-01
  5.15407469e-06  5.90542548e-02  7.11892353e-02  8.93884620e-05
  3.99167622e-02  1.56770395e-01  1.98209295e-01  1.70353690e-01
  1.55227210e-01  1.36050494e-01  2.07802921e-01  5.24068676e-02
  1.31661118e-01  2.78771724e-01  1.67567032e-01  2.10874599e-01
  4.19346860e-02  1.74875445e-01  7.91879346e-02  1.26461306e-01
  7.04086115e-02  2.43554954e-02  1.54565813e-04  2.08339877e-01
  9.97120781e-05  2.13548190e-04 -1.47639410e-04 -1.38543427e-05
  1.84804747e-01  1.13778712e-01  9.31313991e-02 -1.92543958e-04
  1.38520743e-02 -1.55769800e-04  4.04106909e-04  5.76015660e-05
  8.96373445e-02  3.43696932e-05  5.24468336e-02  7.50634252e-02
 -2.99126201e-04  1.53634570e-04  2.76852334e-04 -3.66820197e-04
  1.56778642e-02 -2.41803649e-04 -3.73679723e-04  6.20873361e-05
  3.54146599e-02  6.88058866e-02 -1.96921292e-04  8.05814403e-02
  4.74854251e-05 -2.26655619e-04 -2.64591475e-05  1.75050891e-05
 -1.19628463e-04 -1.71439280e-04 -1.22390920e-04 -9.42020103e-05
  8.21269563e-05 -2.55680956e-05  2.44434701e-05  4.81337609e-04
 -3.28769201e-05  3.72864356e-04  1.27125161e-04  1.51676222e-05
  3.84068409e-02 -1.15458376e-04 -7.72792291e-05  5.10924030e-05
  3.81314494e-05  9.87462435e-05  2.46019941e-03  1.48018660e-04
  4.15432776e-04  1.76861815e-05 -3.72867314e-04 -1.33370869e-05
 -3.57729867e-05  3.67844700e-04 -1.23684052e-04 -7.01809570e-05
 -1.65951875e-04  2.17982293e-02 -2.10731675e-04 -6.58240427e-05
 -2.72881017e-05  1.43383724e-01 -3.58918173e-04  3.02287149e-05
  4.32991398e-02  4.61477713e-04  1.26141112e-04  5.05988852e-04
 -1.11952933e-04 -2.27825335e-06  7.80097749e-05  2.07321347e-06
  1.32698576e-02 -2.08762231e-04  4.74172996e-05 -5.90342324e-05
  1.80882287e-04 -4.52580779e-05  2.92980770e-04  1.02228051e-04
  8.76971205e-02 -2.44770416e-04  9.91803219e-05 -6.03926294e-05
  6.29724175e-05  9.62649493e-05  1.43786104e-01  2.38907983e-02
  1.44314229e-01 -1.55117801e-04 -1.31699520e-04 -4.35113669e-04
  1.40432595e-04  5.13954965e-02  5.28868415e-05  5.85104950e-03
  4.95797403e-04  1.27521819e-01  1.05936965e-02  3.17198729e-01
  1.99187344e-01  2.66910723e-01 -9.07993874e-05 -1.24958166e-04
 -3.01619651e-04 -2.14514088e-04  3.22902200e-01  9.19507428e-02
  8.08199707e-02  5.56630520e-02 -5.07146058e-05  1.63669989e-03
  1.50307554e-01  3.07889095e-02 -9.70246069e-05 -1.37257744e-04
  1.78286188e-04 -9.68297039e-05  2.29770961e-01  1.59806456e-01
  2.66973262e-01  7.96824682e-02  1.89965466e-03  1.09745910e-01
 -1.35715270e-04  1.84164868e-01  3.76583459e-02 -8.20366084e-05
 -4.69040949e-04  1.73305588e-01  6.94969567e-05  1.00973486e-05
  5.71355080e-02  2.85091947e-01  2.71298062e-01  3.05654392e-04
  2.41999821e-04  2.91489136e-04  3.32909891e-02  1.39171888e-04
  2.13593552e-05  3.02332138e-04  3.41557607e-04  3.54911700e-06
  6.03057451e-05  3.66708029e-05  2.15788295e-04 -4.33524094e-04
 -1.07305583e-04  3.55263443e-02 -1.47519645e-04  3.69139455e-04
  3.51495453e-04  2.02440662e-01  5.96716140e-05  1.32386384e-04
 -4.00167083e-04  1.11737924e-04 -1.35181236e-04 -2.42530550e-04
 -2.26019432e-04  3.21648694e-04  1.23008188e-04  2.54971141e-04
 -1.35335347e-04  7.08245917e-02  2.27283579e-04  2.26433618e-02
 -1.63368085e-05  8.93054259e-02  1.61616508e-05  2.32692792e-05
 -8.62718340e-05  2.40403534e-02  3.75117732e-02  4.10574644e-02
  2.09040599e-02  2.86870670e-02 -3.31800047e-04 -4.83763556e-04
  1.75209503e-05 -1.25651833e-04  1.33552845e-01 -3.86074995e-04
  1.63374941e-01  6.93524350e-03  2.64529423e-04  7.74210364e-02
  2.23478092e-01  1.75519884e-04  8.42508493e-02  1.05576452e-01
 -4.07088623e-04  2.45002960e-05 -1.73252827e-04  2.97589515e-04
  9.41222638e-02  2.22255290e-01  2.05916380e-01  8.36936686e-02
 -2.16124641e-04  1.44000537e-01  2.24605155e-01  1.42130871e-04
  2.46760404e-01 -2.80830383e-04  2.05425918e-01  3.64028685e-02
  2.05798306e-01  2.41503636e-01  1.80707064e-01  2.00904665e-01
  4.97535584e-03  6.46591066e-02  2.05772090e-01  2.79839870e-01
  6.97568510e-03  3.24676021e-01  2.47525609e-01  2.87426631e-01
  2.24834772e-01  2.08898583e-01  2.22140719e-01  1.72362640e-01
 -2.03266666e-04  2.65389831e-01  1.79534046e-01 -3.72556481e-04
  1.01224030e-01  1.34668547e-01  1.91735282e-01  1.23119633e-01
  1.09133430e-01  4.63506420e-04  8.98687019e-05  1.01184627e-01
  1.56921756e-01  2.26033961e-01  4.89328559e-02  2.16189446e-01
  2.03337031e-01  1.23411385e-01  2.21018798e-01  1.16263135e-01
  1.64592377e-01  1.01162420e-01  4.18841400e-05  1.84855688e-01
  1.73959892e-02  1.90044334e-05  2.70762918e-04  9.91928875e-02
  1.18993245e-01  1.05249177e-01  1.34472713e-03  1.83585768e-01
  1.62085813e-01  1.60887793e-01  1.56244227e-01  1.10923379e-01
  2.63641976e-02  4.52967111e-05  9.58475201e-02  1.37298756e-01
  3.89580267e-02  1.82134981e-02 -7.83160118e-05  7.70716487e-03
  2.00654419e-04  1.32587919e-01 -5.42409381e-05  1.08660189e-04
 -7.61661483e-05 -2.17398137e-04  6.72795963e-02  2.65275850e-05
  1.15781238e-01 -4.90579966e-04  3.99587908e-04 -9.80953344e-05
  5.20751923e-05  3.68104277e-05  1.42323492e-04  6.04117161e-03
 -2.25069527e-04  1.60347716e-02  6.83236233e-02  7.51781813e-02
 -4.85088563e-05  8.00266522e-05 -3.76009870e-04  1.44631408e-01
  7.83953278e-02 -8.45986338e-05  1.18041664e-01  1.14742824e-04
  8.02364799e-06  6.52430681e-03  3.67571642e-04  4.23835965e-05
 -7.73991748e-05  4.92369549e-04 -1.48157166e-04  5.83680673e-02
  1.63858827e-02  3.81304282e-04  2.58250791e-01  4.82562093e-01
  3.65940029e-04  6.42900119e-02  2.24419054e-02  2.03125206e-05
  2.52708327e-04  4.30804254e-04  4.52038994e-05 -2.13821563e-04
  7.51812744e-05 -7.98473057e-05  9.67816620e-05  4.19822207e-02
  1.55952766e-05  3.50676972e-05  4.99802939e-06  3.44960100e-04
 -7.61022884e-05 -6.92597418e-05 -4.74289581e-04  7.90749785e-03
 -4.13898241e-05  4.15869648e-06 -2.52880289e-04  2.21559144e-04
  1.35158918e-05 -4.91080656e-05  4.73961776e-04  1.77006458e-01
  7.10497040e-05  6.19818569e-05  1.18911034e-01  1.16876395e-04
  1.99756513e-04  2.82760471e-04  2.24095435e-05  2.85149119e-04
  2.40820324e-05 -3.76789399e-04 -7.74764511e-05 -3.30786572e-04
 -1.87164019e-05  7.07395377e-03  2.10596448e-04 -1.84837414e-04
 -5.75547218e-05 -5.48328582e-05  4.19033761e-05 -1.54021062e-04
 -1.52715796e-04  1.27980743e-04  1.53577859e-04  2.83945321e-05
 -3.64953424e-04  4.21734267e-04  9.49397949e-05  1.93914187e-05
  4.70737244e-04 -2.05184976e-04 -2.67973062e-04 -3.79916254e-05
 -1.16671351e-04  2.08861458e-04 -3.23212729e-04 -2.57017656e-04
  2.67349160e-04 -2.23872874e-04 -4.25659694e-04 -3.87032426e-05
 -1.92494956e-05  4.46511038e-04 -3.27814367e-05  1.89170947e-04
 -1.18608329e-04 -1.18594214e-04  7.72089217e-03 -1.90917020e-04
 -4.24585367e-05  4.68905122e-04 -3.38206566e-04 -3.84495366e-04
 -1.59870998e-05 -4.37488992e-05  1.17317891e-04 -2.11334279e-04
  1.76772701e-01 -4.48858954e-04  1.72160861e-01 -2.33822178e-06
  2.25048604e-02  3.98345799e-05 -5.83150229e-05  2.92498430e-05
  7.46915172e-02  1.41299522e-01 -2.39157714e-04  6.58387187e-02
 -6.34575470e-05 -5.73256184e-05  2.22928991e-08  3.73006280e-04
  8.60988828e-06  3.27939831e-04  1.74212415e-05  1.69474005e-04
  1.84798351e-05  1.94787713e-04 -8.26980599e-05  1.69283536e-04
 -2.89898139e-04 -1.61464360e-05 -1.32553650e-04  8.56615990e-06
  1.92948613e-05 -6.72349212e-06 -3.57142959e-04  3.38249999e-04
  2.56073229e-04  2.67867235e-02  5.24965789e-02  9.38239350e-06
  1.50516645e-04  3.26365127e-05 -3.84769048e-04  3.80585853e-05
 -4.20472346e-05  1.06872154e-01  4.04988736e-04  4.05109664e-01
 -7.15347593e-05  1.00003314e-01  6.60846615e-05  8.82976090e-06
 -4.48221224e-05 -1.55913409e-04  9.96178253e-03  2.52154647e-04
  1.15600800e-05  4.02061031e-01 -4.55356091e-05 -2.42283507e-04
 -4.88405199e-04 -1.83981313e-04 -3.85317465e-05  2.24594155e-05
 -4.20756110e-05 -1.36836571e-04  1.94344696e-01  1.99803715e-05
  1.07180306e-06  4.21983598e-04  3.07931007e-01  2.07272746e-04
  1.46583851e-05  2.04375542e-01  1.99482913e-04  2.96420002e-04
  3.66533544e-05  1.00983050e-01  4.66396418e-04 -4.81101843e-04
  9.90880950e-05 -4.62868253e-05 -4.93672233e-05  2.18544842e-04
 -3.14343309e-04 -3.01923892e-04  7.63141852e-06 -3.37148918e-05
 -1.24360412e-04 -3.46407657e-04  8.13815632e-05 -1.89080459e-04
  7.00651857e-05  8.19108476e-05  1.37049011e-04  3.21579990e-04
  1.80236969e-05 -6.92034074e-05 -7.07700091e-05 -1.85450528e-04
 -1.13696792e-04  1.75888165e-04 -2.85627459e-05  1.67640448e-04
  4.81015114e-05 -3.69623081e-04  1.99155895e-04 -3.50240055e-05
  3.34057629e-04 -1.81341821e-05  8.61836444e-05  2.03085659e-04
 -2.88793935e-04  2.24400837e-04 -4.84004892e-05  1.31327485e-04
  1.12043397e-01 -6.96801444e-05  2.94890292e-05  2.29012304e-04
 -4.02341825e-04  4.42949845e-02 -2.00553710e-04  1.07066716e-01
  1.24569399e-01 -1.71211413e-04  1.14166162e-01]
