param settings:OneClassSVM(cache_size=200, coef0=0.0, degree=3, gamma=0.2, kernel='rbf',
      max_iter=-1, nu=0.2, random_state=None, shrinking=True, tol=0.001,
      verbose=False)
cluster_thresh:
feature select:['gab']
precision: {'precision_b1': 0.6, 'precision': 0.8804, 'acc': 0.8242, 'recall_b1': 0.5567, 'recall': 0.8979, 'false_alert_b1': 0.4, 'miss_alert_b1': 0.4433, 'false_alert': 0.11960000000000004, 'miss_alert': 0.10209999999999997, 'intersect_1': 633, 'intersect_b1': 108}
all_predict:
sum:899
1 class :719
[9, 12, 15, 16, 18, 19, 20, 21, 22, 23, 24, 25, 26, 27, 29, 30, 31, 32, 33, 34, 35, 36, 37, 38, 39, 40, 41, 42, 44, 45, 46, 47, 48, 49, 50, 51, 52, 53, 54, 55, 56, 57, 58, 59, 60, 61, 62, 63, 64, 65, 66, 67, 68, 69, 70, 71, 72, 73, 74, 75, 76, 77, 78, 79, 80, 81, 82, 83, 84, 85, 86, 87, 88, 89, 90, 91, 92, 93, 94, 95, 96, 97, 100, 101, 102, 103, 104, 105, 106, 107, 108, 109, 110, 111, 112, 113, 114, 116, 117, 118, 119, 120, 121, 122, 123, 124, 125, 126, 127, 128, 129, 130, 131, 132, 133, 134, 135, 136, 137, 138, 139, 140, 141, 142, 143, 144, 145, 146, 147, 148, 149, 150, 151, 152, 153, 154, 155, 156, 157, 158, 159, 160, 161, 162, 163, 164, 165, 166, 167, 168, 169, 170, 171, 172, 173, 174, 175, 176, 177, 178, 179, 180, 181, 182, 183, 184, 185, 186, 187, 188, 189, 190, 191, 192, 193, 194, 196, 197, 198, 199, 200, 201, 202, 203, 204, 205, 206, 208, 209, 210, 211, 213, 214, 217, 218, 221, 223, 224, 226, 239, 240, 242, 243, 248, 249, 250, 251, 252, 253, 254, 255, 257, 259, 260, 263, 266, 267, 268, 269, 272, 273, 274, 275, 276, 277, 278, 279, 280, 281, 282, 283, 284, 285, 286, 287, 288, 289, 290, 291, 292, 293, 294, 295, 296, 297, 298, 299, 300, 301, 302, 303, 304, 305, 306, 307, 308, 309, 310, 311, 312, 313, 314, 315, 316, 317, 318, 319, 320, 321, 322, 323, 324, 325, 326, 327, 328, 329, 330, 331, 332, 333, 334, 335, 336, 337, 338, 339, 340, 341, 342, 343, 345, 346, 347, 348, 349, 350, 351, 352, 353, 354, 355, 356, 357, 358, 359, 360, 361, 362, 363, 364, 365, 366, 367, 368, 369, 370, 371, 372, 373, 374, 375, 376, 377, 378, 379, 380, 381, 382, 383, 384, 385, 386, 387, 388, 389, 390, 391, 392, 393, 394, 395, 396, 397, 398, 399, 400, 401, 402, 403, 404, 405, 406, 407, 408, 409, 410, 411, 412, 413, 414, 415, 416, 417, 418, 419, 420, 421, 422, 423, 424, 425, 426, 427, 428, 429, 430, 431, 432, 433, 434, 435, 436, 437, 438, 439, 440, 441, 442, 443, 444, 445, 446, 447, 448, 449, 450, 451, 452, 453, 455, 456, 457, 458, 459, 460, 461, 462, 463, 464, 465, 468, 469, 470, 471, 472, 473, 474, 475, 476, 477, 478, 479, 480, 481, 483, 484, 485, 486, 487, 494, 500, 503, 504, 508, 509, 510, 512, 513, 514, 515, 516, 517, 518, 519, 520, 521, 522, 523, 524, 525, 526, 527, 529, 530, 531, 532, 533, 534, 535, 536, 537, 538, 539, 540, 541, 542, 543, 544, 545, 546, 547, 548, 549, 550, 551, 552, 553, 554, 555, 556, 557, 558, 559, 560, 561, 562, 563, 565, 568, 569, 571, 572, 574, 575, 579, 586, 587, 588, 590, 591, 592, 593, 594, 595, 596, 597, 598, 600, 601, 602, 603, 604, 607, 608, 609, 610, 611, 612, 613, 614, 615, 616, 618, 619, 620, 621, 622, 623, 624, 625, 626, 627, 628, 629, 631, 632, 633, 634, 635, 636, 637, 638, 639, 640, 641, 642, 643, 644, 645, 646, 647, 648, 649, 650, 651, 652, 653, 654, 655, 656, 657, 658, 659, 660, 661, 662, 663, 664, 665, 666, 667, 668, 669, 670, 671, 672, 673, 674, 675, 676, 677, 678, 679, 680, 681, 682, 683, 684, 685, 686, 687, 688, 689, 690, 691, 692, 693, 694, 695, 696, 697, 698, 700, 701, 702, 703, 704, 705, 706, 707, 708, 709, 711, 712, 713, 714, 715, 716, 717, 718, 722, 724, 728, 729, 735, 736, 738, 739, 740, 742, 745, 746, 748, 753, 759, 760, 761, 763, 765, 766, 767, 768, 770, 771, 772, 774, 775, 790, 795, 798, 799, 800, 801, 802, 803, 804, 805, 806, 807, 808, 809, 810, 811, 812, 813, 815, 816, 817, 818, 819, 820, 822, 823, 826, 827, 828, 829, 830, 833, 834, 835, 837, 839, 840, 841, 842, 843, 844, 845, 846, 847, 849, 850, 851, 852, 855, 856, 857, 858, 859, 860, 861, 862, 866, 867, 870, 871, 872, 873, 874, 875, 876, 878, 879, 883, 884, 885, 889]
-1 class :180
[1, 2, 3, 4, 5, 6, 7, 8, 10, 11, 13, 14, 17, 28, 43, 98, 99, 115, 195, 207, 212, 215, 216, 219, 220, 222, 225, 227, 228, 229, 230, 231, 232, 233, 234, 235, 236, 237, 238, 241, 244, 245, 246, 247, 256, 258, 261, 262, 264, 265, 270, 271, 344, 454, 466, 467, 482, 488, 489, 490, 491, 492, 493, 495, 496, 497, 498, 499, 501, 502, 505, 506, 507, 511, 528, 564, 566, 567, 570, 573, 576, 577, 578, 580, 581, 582, 583, 584, 585, 589, 599, 605, 606, 617, 630, 699, 710, 719, 720, 721, 723, 725, 726, 727, 730, 731, 732, 733, 734, 737, 741, 743, 744, 747, 749, 750, 751, 752, 754, 755, 756, 757, 758, 762, 764, 769, 773, 776, 777, 778, 779, 780, 781, 782, 783, 784, 785, 786, 787, 788, 789, 791, 792, 793, 794, 796, 797, 814, 821, 824, 825, 831, 832, 836, 838, 848, 853, 854, 863, 864, 865, 868, 869, 877, 880, 881, 882, 886, 887, 888, 890, 891, 892, 893, 894, 895, 896, 897, 898, 899]

score : [-4.66371015e-01 -4.33301154e-02  3.74556799e-01  6.71611938e-01
  8.27716449e-01  9.79246329e-01  9.39158060e-01  9.05253024e-01
  8.07749825e-01  1.00072758e+00  1.02252056e+00  9.98892443e-01
 -3.49677888e-04  5.34096134e-01  2.01590949e-01  5.33361991e-01
  4.29373294e-01  1.95967670e-01 -8.13567642e-03  3.57733475e-02
  1.06213621e-04  7.03217170e-01  2.43824000e-01  1.37623384e-04
  4.30592813e-01  1.91442088e-01  6.48954656e-01  5.90540274e-01
  4.20055293e-01  2.38774160e-01  5.49537479e-01  5.09843244e-01
  6.35616327e-01  6.20921088e-01 -2.40925399e-05  6.04468357e-01
  4.33244455e-01  5.07458269e-01  6.60709892e-01  7.40600288e-01
  5.54604665e-01  5.75202047e-01  4.35182021e-01  4.94088894e-01
  2.32863317e-01 -2.27338439e-04  2.79897005e-01  1.58391603e-01
  3.84759020e-01  6.40830289e-01  7.00688368e-01  7.25139204e-01
  7.76303060e-01  6.60538825e-01  5.60389074e-01  7.53591766e-01
  1.91999115e-01  7.72698625e-01  7.21423916e-01  7.49902939e-01
  5.97822400e-01  5.42026227e-01  5.67480702e-01  6.45811370e-01
  6.39370176e-01  7.09352455e-01  7.32661737e-01  1.90367047e-01
  7.42353747e-01  7.21411689e-01  5.91260188e-01  5.08723389e-01
  4.87550847e-01  4.88831923e-01  5.99486262e-01  5.05873485e-01
  5.30213111e-01  5.49098006e-01 -2.67737348e-04  4.75408540e-01
  5.29878804e-01  4.85800123e-01  5.58222886e-01  4.96940050e-01
  5.64791188e-01  5.59325872e-01  4.73513638e-01  5.32216190e-01
  5.25420070e-01  2.53050658e-04  5.15735584e-01  5.12796164e-01
  5.14005436e-01  4.63025257e-01  4.87398700e-01  4.04025831e-01
  4.46943617e-01  2.54915971e-01  4.09430987e-01  4.04156893e-01
  3.19392255e-01  5.24838937e-01  5.96424426e-01  4.62440853e-01
  4.20314769e-01  4.04785045e-02 -2.13222834e-05  6.28353731e-01
  6.29886647e-01  3.76112503e-01  6.70032682e-01 -3.17141859e-01
  4.12457438e-01  2.17016785e-01  3.85302240e-01  2.63408926e-01
  2.76939609e-01  2.98750381e-01  3.75735484e-01  1.06895228e-02
 -3.69552380e-04  4.38548065e-01  5.94381842e-01  3.55006772e-01
  9.37910157e-02  1.42468307e-04 -5.89287266e-05  3.64353947e-04
  9.46760034e-02 -7.86013055e-02 -2.82726927e-02  8.90643102e-02
  3.41040055e-02 -6.44491929e-02  1.67044899e-01 -1.24045769e-01
  2.60460234e-03 -3.24764517e-04  6.87900301e-05  3.70975567e-04
 -1.71820508e-02  3.03340232e-04 -3.40101414e-01 -3.11352701e-01
 -4.50588797e-01  4.10109235e-01 -1.43067573e+00 -1.32938547e+00
 -9.03104370e-01 -7.58424983e-01 -1.15205484e+00 -1.22961585e+00
 -1.38863963e+00 -1.35921802e+00 -1.31710348e-01  2.07791286e-01
  5.55181886e-01  1.26281078e-01 -2.87671515e-01  2.36133875e-05
  1.30935536e-04 -1.83171642e-01 -1.50404765e+00 -3.40428179e-01
 -1.14500297e-01  3.36160402e-05  8.82905280e-02  4.25401498e-01
  8.10395987e-02  1.40048684e-04  1.42220898e-01  2.16521500e-05
  7.66609999e-02  1.55204095e-01 -4.34995756e-05  1.63112617e-02
 -2.28289944e-05  7.70296866e-02  3.78346522e-01  2.06792944e-04
 -1.56267187e+00 -3.51178113e-01  2.92461380e-04 -8.84401354e-01
 -2.59707906e-04  2.26643820e-01  8.84515238e-02  4.07040204e-04
  2.75383001e-02  5.62606875e-02 -2.84252408e-04 -2.79585130e-04
  1.59395341e-02  1.43144163e-01  2.88546050e-01  4.20726761e-01
  5.06373083e-01  4.43569196e-01  5.05174398e-01  4.75884017e-01
 -8.36618507e-05  4.05561482e-01  3.22250199e-01  2.88011746e-01
  2.38345253e-01  1.98825008e-01  2.60607714e-01  3.58500981e-01
  4.92093970e-01  5.00359563e-01  6.33287942e-01  4.49435758e-01
  6.88598591e-01  5.78680507e-01  6.15443598e-01  5.84438144e-01
  6.67067581e-01  7.16031553e-01  6.77463905e-01  8.58126003e-01
  1.03053896e+00  7.90980519e-01 -3.62773559e-01  5.10504812e-01
  6.77045953e-01  2.71056767e-01  5.20466420e-01  5.19887864e-01
  5.94928546e-01  6.01970520e-01  6.90365807e-01  5.95988142e-01
  6.14524326e-01  8.42244671e-01  3.86557803e-01  7.96018435e-01
  7.82891032e-01  5.99494212e-01  7.17720598e-01  4.60699351e-01
  7.72236871e-01  7.86088293e-01  7.63655698e-01  8.41483827e-01
  7.84905061e-01  1.97159905e-01  8.27061498e-01  1.09556006e+00
  6.54274895e-01  5.78743715e-01  6.06431127e-01  6.61029444e-01
  6.19705424e-01  6.12956978e-01  4.33919067e-01  3.48295231e-01
  3.02642085e-01  4.45105681e-01  4.69621381e-01  3.81273565e-01
  4.55047571e-01  6.65499666e-01  6.65873862e-01  7.24578047e-01
  6.06064636e-01  6.01835765e-01  5.06199821e-01  2.12705257e-01
  5.66186861e-01  3.53285149e-01  5.55189821e-01  8.26858849e-02
 -3.34563315e-02  4.33728161e-01  2.92555088e-01  6.46490179e-01
  4.92730477e-01  3.53706985e-01  1.96564279e-01  1.46023758e-01
  1.75250922e-01  3.79380657e-02  1.01123169e-02  5.12305285e-01
  5.89586382e-01  2.49031289e-01  2.08827004e-01  6.10233309e-02
  1.05574364e-04  3.52114589e-01  4.71536251e-02  6.47850668e-02
  1.72051011e-01  3.05200945e-01  5.25405307e-01  7.61228314e-01
  6.59679245e-01  8.05841284e-01  5.08545447e-01  5.99241235e-01
  3.58136918e-01  3.40682745e-01  3.36997245e-01  7.93319022e-01
  6.62836407e-01  4.73543680e-01  4.35245665e-01  4.47131501e-01
  4.06983381e-01  6.31814982e-01  5.33943753e-01  2.74207489e-01
  5.47741607e-01  5.17999573e-01  6.46531000e-01  4.72919953e-01
  5.30768279e-01  4.85789906e-01  3.09474030e-01  9.83040050e-02
  2.88988567e-01  3.89032512e-02  3.02790260e-01  1.84113067e-01
  3.14819928e-04  3.62711908e-01  2.64590332e-01  4.99452523e-01
  6.26852828e-01  5.76585555e-01  6.27215611e-01  6.97677389e-01
  7.87003138e-01 -3.10023458e-01  4.53122621e-01  1.03159105e+00
  5.36622066e-01  8.10542243e-01  8.17880058e-01  6.90795041e-01
  6.34251794e-01  6.17648739e-01  6.07408954e-01  6.54493208e-01
  6.37638839e-01  4.04004967e-01  6.60535983e-01  5.97334945e-01
  4.68059304e-01  6.25439918e-01  7.32001483e-01  8.55936769e-01
  7.50041981e-01  8.77437129e-01  8.47077699e-01  8.08678742e-01
  3.43451354e-01  8.26322088e-01  8.94572129e-01  8.49261816e-01
  8.43711789e-01  8.22021547e-01  8.89756422e-01  6.13377353e-01
  5.07540258e-01  6.14240598e-01  4.70531680e-01 -2.17847054e-04
  6.45206576e-01  6.19255336e-01  5.14885560e-01  5.83431215e-01
  5.29964350e-01  4.32857811e-01  3.67590741e-01  5.85858894e-01
  5.49766527e-01  5.38253681e-01  1.22129632e-01  5.40198445e-01
  4.21430108e-01  6.51666317e-01  3.74566724e-04  4.76657668e-01
  4.26597666e-01  1.74715829e-01  2.43384739e-01  1.78357506e-01
  1.97219789e-01  2.87367592e-01  1.50241306e-01  2.73025421e-01
  1.46254219e-01  3.04359867e-01 -6.25085688e-05  4.23688039e-02
  4.03551034e-01  5.53212857e-01  5.12196603e-01  5.33761173e-01
  7.60755927e-02  4.80022046e-01  5.02144036e-01  4.80368602e-01
  4.30928107e-01  4.67465043e-01  2.78453729e-01 -3.70805018e-04
 -4.37467878e-01  3.21225474e-01  2.12999477e-01  2.10354449e-04
  1.97939381e-01  1.65505799e-01  1.06830886e-01  3.30899882e-04
  7.59185966e-02  1.52080075e-01  1.20558045e-01  1.76320974e-01
  2.70240091e-01  1.90689248e-01  1.21168812e-01  4.82019666e-01
  5.83570775e-01 -2.79150106e-04  5.04962035e-01  5.36919364e-01
  5.05976407e-01  9.29934608e-05  1.33061369e-01 -2.52464072e-04
 -1.61698321e-05  1.81549655e-01 -6.53124530e-03 -1.21071403e+00
 -1.49190042e+00 -1.45485194e+00  1.01509496e-04 -8.98057850e-02
 -5.73875892e-01 -1.90749459e-04 -8.23667382e-02 -6.26367011e-02
 -1.49661568e+00  1.66458598e-01  2.71967005e-04 -2.44245653e-04
 -1.57075298e-04  4.27570726e-04  4.65215802e-01 -1.09866371e-04
 -6.19293583e-01 -5.38593020e-01  3.72587669e-01  1.57434292e-01
  3.23574402e-01  5.37094842e-02 -4.41823856e-01  9.18424984e-02
  3.58901927e-05  2.78215785e-01  5.02155963e-02  3.34638739e-01
  1.11035875e-01  3.72114027e-01  1.32218032e-01  5.82212934e-01
  3.37208031e-01  4.68335549e-01  4.31689885e-01  1.79671221e-01
  5.47963352e-02  1.69995788e-01  2.96862794e-01  1.63861951e-01
 -4.09241779e-04  3.33736940e-01  5.20773768e-01  3.38929305e-01
  4.91323823e-01  4.34280568e-01  4.80339719e-01  6.31498199e-01
  4.28792536e-01  7.79144017e-01  2.26382111e-01  1.97966538e-01
  6.24158461e-01  3.97648050e-01  3.25624371e-01  8.42919713e-01
  9.28657079e-01  5.71175360e-01  9.10697729e-01  7.06021399e-01
  6.72372283e-01  7.07446025e-01  7.86566733e-01  8.02841755e-01
  4.59256532e-01  8.44183495e-01  1.02671903e+00  9.03565021e-01
  1.02937550e+00  8.26536274e-01  6.44404077e-01  7.48194478e-01
  6.70607726e-01  5.28906095e-01  2.99404581e-01  4.45894984e-01
  2.97742456e-01  2.12062548e-01  1.94000784e-01  5.38009371e-02
 -3.54326433e-04  2.99593412e-01 -2.67022266e-04 -1.75185817e-04
  3.51027338e-05  3.28932298e-01  3.71800354e-01 -9.12209652e-02
  2.24644899e-01  7.64102985e-02 -1.75644823e-01  2.84698324e-04
  1.41424447e-01 -1.32373117e+00 -1.73052624e+00 -4.61499252e-01
  9.23771958e-05  4.31389525e-01 -2.31178842e-04 -1.44059075e+00
 -1.27999059e+00 -3.46038714e-01 -6.29228429e-05 -2.85479891e-01
  9.40720242e-05  4.34372140e-01  4.30573703e-01 -1.65422667e-01
  3.74563008e-01  8.94075113e-02  4.94842112e-01  2.18265082e-01
  1.44740934e-01  8.73617966e-02  3.19181096e-04  7.46313437e-02
  6.30719256e-02  2.49316618e-01 -2.89025555e-04 -6.92422352e-01
  3.40036707e-01  2.83010948e-01  9.49254508e-02  1.30659501e-01
  6.59214987e-02  3.17215088e-02 -2.96378798e-04 -1.58502705e-02
  7.12857163e-02  1.32679251e-01  2.82453998e-01  2.79121355e-01
  1.23939096e-01  1.24924320e-01  4.90740426e-02  1.30385609e-01
  1.46669257e-01  2.26838005e-01  2.35998951e-01 -1.92016038e-04
  3.03922982e-01  2.14478874e-01  3.82665590e-02  6.65744119e-01
  5.78857593e-01  4.45271511e-01  4.79109104e-01  5.33191185e-01
  4.02626983e-01  3.09925026e-01  1.57912007e-01  1.88088990e-01
  3.27603299e-01  5.35344749e-02 -3.48075529e-04  2.44939676e-01
  1.47980685e-01  1.38795195e-01  1.59145394e-01  7.13758172e-03
  1.00095038e-04  3.59822829e-01  2.34347015e-01  4.65061866e-01
  1.97354859e-01  5.25495723e-01  3.65882913e-01  3.86255647e-01
  2.39207329e-01  2.09488535e-01  2.40083251e-01  2.95405263e-01
  3.90632796e-01  2.12432857e-01  1.69441337e-01  3.19061352e-01
  1.52783651e-01  4.24886643e-03  1.45316796e-01  1.71059679e-01
  1.35726513e-01  2.68625852e-01  3.76986502e-01  3.07760898e-01
  4.17108081e-01  5.28620876e-01  4.18049119e-01  4.72687893e-01
  4.76425348e-01  5.70948132e-01  5.84677836e-01  5.74161184e-01
  4.99069343e-01  3.49533325e-01  3.75004040e-01  4.20294384e-01
  3.98799629e-01  4.40967261e-01  3.65977479e-01  5.45846699e-01
  4.92367617e-01  5.15418658e-01  5.81085965e-01  5.47936024e-01
  5.29942681e-01  5.10175010e-01  5.01213715e-01  5.37161836e-01
  4.58928205e-01  5.41775617e-01  5.08228353e-01  5.29295451e-01
  5.46308057e-01  4.82031481e-01  5.45501595e-01  5.80415531e-01
  5.88450858e-01  5.22347777e-01  3.38890070e-01  3.82017016e-01
  3.81518675e-01  4.54170129e-01  4.87811110e-01  4.58205115e-01
  4.28607838e-01  2.49659285e-01  2.94924659e-01  5.60257181e-01
  4.90478863e-01 -1.45678398e-01 -8.51416769e-01  3.56702754e-01
  4.61874244e-02  6.37570975e-02  1.63852422e-01  1.32280171e-01
  2.40972274e-01  5.27408068e-02  3.20137951e-01  5.08615537e-01
  5.33089311e-01  2.70441761e-01  3.89962112e-01 -1.97646228e-04
  1.44454311e-01  6.00389240e-01  3.89129181e-01  4.53228793e-01
  1.07103738e-01  3.26884571e-04  6.02140503e-01  4.47297384e-01
 -1.34062881e-04  4.62589142e-01 -6.53851369e-01 -9.45627427e-02
  1.01627589e-01 -1.00364909e-01  4.85461058e-01 -7.53208196e-01
 -6.11103794e-01 -7.05929444e-01  6.20489126e-05  1.34783042e-01
  6.47232426e-01 -8.59245088e-03 -6.94631581e-01 -1.68293994e+00
 -6.85517195e-01 -4.19146020e-01  2.27845469e-01  3.33105632e-01
 -7.89052238e-03  3.50727702e-01  1.56412111e-01  6.34748013e-01
  6.25642039e-02 -9.39660167e-05  3.34686367e-02 -3.35393398e-04
 -2.47794139e-04  1.97647839e-01  2.28295839e-01 -5.27286113e-04
  9.37151419e-06 -1.59983649e-01  5.34459560e-01 -9.47888255e-02
 -9.09449918e-01 -1.61697390e+00  5.08795468e-02 -6.32580890e-01
 -1.02226853e-01 -7.50172417e-05 -3.97979326e-02 -3.38265092e-01
  2.37475303e-04  1.22765664e-02  1.00157016e-01  9.43850368e-02
 -1.33942184e-04  1.99652803e-04 -1.06082631e-01  3.89572980e-04
  1.31834413e-01  1.99065541e-01  8.83631362e-05 -1.16883277e-04
  1.26480146e-01  5.33046805e-05  9.47620940e-05  9.69796787e-06
 -3.26179903e-02  9.64954884e-05  7.62830873e-05 -6.19086753e-02
 -7.30244099e-01 -1.47869782e+00 -1.11064929e+00  3.69643478e-01
 -1.13750184e+00 -1.74632637e+00 -1.75366777e+00 -1.72025383e+00
 -1.36795313e+00 -6.10928737e-01 -5.09157886e-01 -5.11912922e-01
 -3.93759803e-01 -1.00341190e-02  3.91165048e-01  4.03405521e-04
 -9.32016552e-06 -1.42137541e-02 -5.26939065e-05 -1.59120473e-04
  5.54165372e-02 -1.37736516e-01 -5.14545483e-01  1.28034667e-04
  3.40444796e-04 -3.63365874e-04  3.95523838e-01  3.43781311e-01
  2.92515924e-01  3.30371788e-01  3.19368604e-01  4.07527363e-01
  4.78269189e-01  5.03829368e-01  4.69806060e-01  3.98754760e-01
  3.43148541e-01  3.55539069e-01  3.48099314e-01  1.04265707e-01
  3.02612598e-01  1.54148908e-01 -4.98831281e-02  3.03185065e-04
  1.12262081e-01  2.04451184e-01  1.70835123e-01  1.41411994e-02
  2.81404504e-01  4.31553051e-04 -7.38693989e-02  2.80661722e-04
  6.42567319e-02 -2.38561116e-04 -2.40702211e-05  6.36595181e-02
  1.12950851e-01  2.49929464e-02  4.89333904e-02  3.06772362e-01
  6.29331419e-02 -4.02256127e-02 -1.71160954e-04  9.06645034e-02
  1.52650229e-02  1.08444034e-01 -2.86838315e-05  2.00725087e-01
 -1.13714058e-01  1.41541197e-01  3.55289032e-01  1.14376030e-01
  4.24500960e-04  3.85509865e-02  9.15464646e-05  9.34782505e-06
  2.82595204e-02  8.59990867e-05  7.19916375e-02 -1.10206418e-01
  1.18228878e-01  4.14632634e-01  7.26838208e-02  1.16611593e-01
  1.14194555e-01 -1.80597422e-04 -1.56025755e-04  1.54924059e-01
  1.92857331e-01  5.35173395e-02  1.87216590e-01  2.01530748e-01
  3.30325271e-01  2.36195215e-01  2.76189307e-01  1.49816771e-01
 -7.57530407e-05 -1.73570773e-04 -2.04754720e-02  8.47859105e-02
  6.41988123e-05 -1.00166209e-01 -4.09863617e-04  4.11707817e-01
  9.33709888e-03  6.01365943e-05  3.36550998e-02  1.70093778e-04
  6.42236178e-05  6.87703879e-02  8.54872358e-02 -3.70806315e-01
  3.46542721e-04  3.21076424e-04  3.80646436e-01 -1.08767520e-01
 -2.54914158e-01 -3.99740391e-01  6.51406896e-05  1.72561384e-01
  2.61106111e-04 -3.90505282e-01 -4.28538487e-01 -1.03279031e+00
  2.65403509e-02  5.46945413e-01 -1.53351351e-01 -4.04391703e-01
 -2.03594424e-05 -2.01285639e-01 -4.57161938e-01 -1.67337386e-04
 -2.42872478e-01 -1.69267623e+00 -4.89251053e-01 -1.49752072e+00
  7.69125481e-02  6.27076103e-01  4.00573766e-01  4.64213528e-01
  3.36627592e-01  5.46856849e-01  5.04257714e-01  5.72249788e-01
  5.73253256e-01 -1.84582938e-04 -2.69218148e-04]
