param settings:IsolationForest(behaviour='new', bootstrap=False, contamination=0.2,
        max_features=1.0, max_samples=100, n_estimators=100, n_jobs=None,
        random_state=None, verbose=0)
cluster_thresh:
feature select:['ori']
precision: {'precision_b1': 0.5944, 'precision': 0.879, 'acc': 0.822, 'recall_b1': 0.5515, 'recall': 0.8965, 'false_alert_b1': 0.40559999999999996, 'miss_alert_b1': 0.4485, 'false_alert': 0.121, 'miss_alert': 0.10350000000000004, 'intersect_1': 632, 'intersect_b1': 107}
all_predict:
sum:899
1 class :719
[3, 4, 6, 7, 8, 9, 10, 11, 12, 13, 14, 15, 16, 17, 18, 19, 20, 21, 22, 23, 24, 25, 26, 27, 28, 29, 30, 31, 32, 33, 34, 35, 36, 37, 38, 39, 40, 41, 42, 43, 44, 45, 46, 47, 48, 49, 50, 51, 52, 53, 54, 55, 56, 57, 58, 59, 60, 61, 62, 63, 64, 65, 66, 67, 68, 69, 70, 71, 72, 73, 74, 75, 76, 77, 78, 79, 80, 81, 82, 83, 84, 85, 86, 87, 88, 89, 90, 91, 92, 93, 94, 95, 96, 97, 98, 99, 100, 101, 102, 103, 104, 105, 106, 107, 108, 109, 110, 111, 112, 113, 114, 115, 116, 117, 118, 119, 120, 121, 122, 123, 124, 125, 126, 127, 128, 129, 130, 131, 132, 133, 134, 135, 136, 137, 138, 139, 140, 141, 142, 143, 144, 145, 146, 147, 148, 149, 150, 151, 152, 153, 154, 155, 156, 157, 158, 159, 160, 161, 162, 163, 164, 165, 166, 167, 168, 169, 170, 171, 172, 173, 174, 175, 176, 177, 178, 179, 180, 181, 182, 183, 184, 185, 186, 187, 188, 189, 190, 191, 192, 193, 194, 195, 196, 197, 198, 199, 200, 201, 202, 203, 204, 205, 208, 209, 210, 211, 212, 213, 214, 215, 216, 217, 218, 219, 220, 221, 222, 223, 224, 253, 254, 256, 261, 262, 263, 264, 265, 266, 267, 268, 269, 270, 271, 272, 273, 274, 275, 276, 277, 278, 279, 280, 281, 282, 283, 284, 285, 286, 287, 288, 289, 290, 291, 292, 293, 294, 295, 296, 297, 298, 299, 300, 301, 302, 303, 304, 305, 306, 307, 308, 309, 310, 311, 312, 313, 314, 315, 316, 317, 318, 319, 320, 321, 322, 323, 324, 325, 326, 327, 328, 329, 330, 331, 332, 333, 334, 335, 336, 337, 338, 339, 340, 341, 342, 343, 344, 345, 346, 347, 348, 349, 350, 351, 352, 353, 354, 355, 356, 357, 358, 359, 360, 361, 362, 363, 364, 365, 366, 367, 368, 369, 370, 371, 372, 373, 374, 375, 376, 377, 378, 379, 380, 381, 382, 383, 384, 385, 386, 387, 388, 389, 390, 391, 392, 393, 394, 395, 396, 397, 398, 399, 400, 401, 402, 403, 404, 405, 406, 407, 408, 409, 410, 411, 412, 413, 414, 415, 416, 417, 418, 419, 420, 421, 422, 423, 424, 425, 426, 427, 428, 429, 430, 431, 432, 433, 434, 435, 436, 437, 438, 439, 440, 441, 442, 444, 445, 446, 447, 448, 449, 450, 451, 452, 453, 454, 455, 456, 457, 458, 459, 460, 461, 462, 463, 464, 465, 466, 468, 469, 470, 471, 472, 473, 474, 475, 476, 477, 478, 479, 480, 481, 482, 485, 494, 502, 509, 513, 514, 515, 516, 517, 518, 519, 520, 521, 522, 523, 524, 525, 526, 527, 528, 529, 530, 531, 532, 533, 534, 535, 536, 537, 538, 539, 540, 541, 542, 543, 544, 545, 546, 547, 548, 549, 550, 551, 552, 553, 554, 555, 556, 557, 558, 559, 560, 561, 562, 563, 564, 566, 578, 579, 580, 581, 583, 584, 585, 586, 587, 588, 589, 590, 591, 592, 593, 594, 595, 596, 597, 598, 599, 600, 601, 602, 603, 604, 605, 606, 607, 608, 609, 610, 611, 612, 613, 614, 615, 616, 617, 618, 619, 620, 621, 622, 623, 624, 625, 626, 627, 628, 629, 630, 631, 632, 633, 634, 635, 636, 637, 638, 639, 640, 641, 642, 643, 644, 645, 646, 647, 648, 649, 650, 651, 652, 653, 654, 655, 656, 657, 658, 659, 660, 661, 662, 663, 664, 665, 666, 667, 668, 669, 670, 671, 672, 673, 674, 675, 676, 677, 678, 679, 680, 681, 682, 683, 684, 685, 686, 687, 688, 689, 690, 691, 692, 693, 694, 695, 696, 697, 698, 699, 700, 701, 702, 703, 704, 705, 706, 709, 710, 711, 712, 713, 714, 715, 716, 717, 723, 728, 729, 733, 734, 735, 736, 737, 738, 739, 740, 741, 742, 743, 761, 762, 763, 764, 765, 766, 767, 768, 769, 770, 771, 772, 773, 775, 776, 777, 778, 787, 788, 791, 792, 793, 794, 795, 796, 797, 798, 800, 801, 802, 803, 804, 805, 806, 807, 808, 809, 810, 811, 812, 813, 814, 815, 816, 817, 818, 819, 820, 821, 822, 823, 824, 825, 826, 827, 828, 829, 830, 832, 833, 834, 835, 836, 837, 838, 839, 840, 841, 842]
-1 class :180
[1, 2, 5, 206, 207, 225, 226, 227, 228, 229, 230, 231, 232, 233, 234, 235, 236, 237, 238, 239, 240, 241, 242, 243, 244, 245, 246, 247, 248, 249, 250, 251, 252, 255, 257, 258, 259, 260, 443, 467, 483, 484, 486, 487, 488, 489, 490, 491, 492, 493, 495, 496, 497, 498, 499, 500, 501, 503, 504, 505, 506, 507, 508, 510, 511, 512, 565, 567, 568, 569, 570, 571, 572, 573, 574, 575, 576, 577, 582, 707, 708, 718, 719, 720, 721, 722, 724, 725, 726, 727, 730, 731, 732, 744, 745, 746, 747, 748, 749, 750, 751, 752, 753, 754, 755, 756, 757, 758, 759, 760, 774, 779, 780, 781, 782, 783, 784, 785, 786, 789, 790, 799, 831, 843, 844, 845, 846, 847, 848, 849, 850, 851, 852, 853, 854, 855, 856, 857, 858, 859, 860, 861, 862, 863, 864, 865, 866, 867, 868, 869, 870, 871, 872, 873, 874, 875, 876, 877, 878, 879, 880, 881, 882, 883, 884, 885, 886, 887, 888, 889, 890, 891, 892, 893, 894, 895, 896, 897, 898, 899]

score : [-6.65787466e-03  5.89290639e-02  8.31378972e-02  9.65921433e-02
  9.46483800e-02  8.82168118e-02  9.15835687e-02  9.85314138e-02
  9.52553662e-02  9.73937046e-02  9.47129578e-02  9.95227357e-02
  5.49306239e-02  9.41020853e-02  9.78920495e-02  1.03622142e-01
  9.61425995e-02  8.94407234e-02  9.15537890e-02  9.47883653e-02
  8.83437557e-02  1.02929812e-01  8.12362246e-02  6.59807422e-02
  9.20508073e-02  9.11515497e-02  8.12258169e-02  9.16112893e-02
  7.97736743e-02  8.97131623e-02  8.50681870e-02  9.26848024e-02
  8.70639808e-02  9.77233497e-02  9.00556722e-02  9.55497372e-02
  9.26208855e-02  1.03526696e-01  1.04065808e-01  1.04528517e-01
  1.00684451e-01  1.00956377e-01  9.02710385e-02  9.60244498e-02
  1.00347257e-01  9.21614149e-02  9.69898908e-02  9.34948080e-02
  1.02031556e-01  9.88541958e-02  1.08225135e-01  9.17374015e-02
  9.85515452e-02  1.11216286e-01  1.07320249e-01  1.00423639e-01
  8.90818346e-02  1.06594818e-01  1.00799847e-01  1.01192423e-01
  1.03116497e-01  1.14021141e-01  1.11751270e-01  1.15567275e-01
  1.05658784e-01  1.04297244e-01  1.10973818e-01  1.03101606e-01
  1.11093732e-01  1.06803797e-01  1.21336817e-01  1.14650876e-01
  1.17560401e-01  1.17673681e-01  1.15002783e-01  1.01653708e-01
  1.15624591e-01  1.05909743e-01  1.00202655e-01  1.14734499e-01
  1.08511558e-01  1.14649327e-01  1.14180496e-01  1.16267476e-01
  1.08028618e-01  1.15150453e-01  1.14335984e-01  1.14625169e-01
  1.16494880e-01  9.70600612e-02  1.20614859e-01  1.08210261e-01
  1.14373244e-01  1.20152561e-01  1.08297221e-01  1.12412361e-01
  1.17508689e-01  1.20836993e-01  1.16514682e-01  1.18393009e-01
  7.34916912e-02  1.14356228e-01  1.13751890e-01  1.10044772e-01
  1.06684417e-01  9.83158368e-02  9.98586236e-02  9.18315090e-02
  8.24430312e-02  4.27150849e-02  9.29740241e-02 -2.29265180e-03
  7.13364512e-02  1.01086018e-01  1.15974011e-01  1.03102915e-01
  9.63837261e-02  6.41340843e-02  4.27350845e-02 -1.60601563e-02
 -2.79402359e-02  1.23666604e-02  4.22573613e-02  9.47289236e-02
  7.14971411e-02  7.00509319e-02  7.71275457e-02  6.46898263e-02
  4.80958219e-02  4.51001344e-02  3.89373432e-02  3.76998333e-02
  3.02008368e-02  3.18202904e-02  9.34611483e-02  3.10587932e-02
  3.10031185e-02  2.52718366e-02  1.16426244e-02  7.53148538e-05
 -2.20065804e-02 -4.16390820e-02 -5.59567440e-02 -7.24047909e-02
 -9.22743205e-02  1.00535258e-01 -9.59967840e-02 -9.27291230e-02
 -1.22161448e-01 -1.09369401e-01 -7.29312248e-02 -6.00450398e-02
 -5.77438349e-02 -5.95402823e-02 -1.45737939e-01 -7.43211221e-02
  9.65982177e-02 -5.31926289e-02 -8.08249108e-02 -7.50747830e-02
 -4.01822110e-02 -4.32427973e-02 -1.93881568e-02 -2.47059396e-02
 -2.30991999e-02 -2.65033807e-02 -1.62560097e-02  9.84484724e-02
 -1.28632998e-02 -4.39310477e-03 -2.28606357e-03  3.01399188e-03
  8.05494898e-04 -1.12972281e-04  1.05089961e-03 -1.55472142e-03
 -1.55472142e-03 -3.05296031e-03  1.07257604e-01 -2.55219550e-03
  2.09146857e-02  3.80841192e-02  4.35269468e-02  4.62254512e-02
  4.62389272e-02  4.03733379e-02  5.25302080e-02  6.88839424e-02
  6.33200333e-02  1.10847111e-01  9.65163670e-02  9.96492367e-02
  9.94691837e-02  1.04400987e-01  1.09251493e-01  1.14336621e-01
  1.04817785e-01  1.12506758e-01  1.03802985e-01  1.08272861e-01
  1.11989407e-01  1.14262239e-01  1.11064309e-01  1.02677726e-01
  1.17878943e-01  1.15006358e-01  1.07177974e-01  1.14860510e-01
  9.60647922e-02  9.31398072e-02  9.28942399e-02  1.15748887e-01
  8.75043335e-02  8.45840781e-02  8.39355031e-02  1.05181587e-01
  1.14574100e-01  1.17897243e-01  1.16744563e-01  1.17606785e-01
  1.19320147e-01  1.19436970e-01  3.18204551e-02  1.04880548e-01
  1.15014545e-01  1.11227462e-01  1.16632209e-01  1.16521627e-01
  1.03990903e-01  1.08050263e-01  1.05550626e-01  1.06196335e-01
  1.06377371e-01  1.08527486e-01  1.04533799e-01  9.70450103e-02
  9.15447010e-02  9.85253734e-02  9.22541210e-02  8.82372341e-02
  8.33664223e-02  8.67470236e-02  9.25239706e-02  9.82096581e-02
  1.02115572e-01  1.01533235e-01  1.03947637e-01  1.13167079e-01
  1.09967792e-01  1.06974812e-01  1.18720550e-01  9.45401786e-02
  9.71073390e-02  9.48763873e-02  9.44455018e-02  8.16552732e-02
  9.56926720e-02  8.53644693e-02  9.31560784e-02  8.27098049e-02
  9.52368358e-02  9.25956248e-02  9.48756634e-02  9.82333704e-02
  8.31162426e-02  7.75221307e-02  9.82014723e-02  8.99668376e-02
  9.43756181e-02  6.20123764e-02  6.29196999e-02  7.90169276e-02
  7.87286336e-02  5.91395775e-02  7.65545843e-02  8.94482261e-02
  1.09995139e-01  1.02958361e-01  9.45672620e-02  1.01591485e-01
  1.18549292e-01  1.01711074e-01  1.26459816e-01  1.05552423e-01
  9.57375497e-02  8.98878304e-02  7.53036965e-02  7.90887404e-02
  5.65983020e-02  9.78940053e-02  7.79863946e-02  7.54737528e-02
  5.70580342e-02  8.65592172e-02  8.67002482e-02  8.24257976e-02
  9.55718494e-02  7.35442535e-02  7.81380766e-02  1.09349871e-01
  9.56985052e-02  1.04792859e-01  9.23961195e-02  8.21760216e-02
  1.01014444e-01  1.12936799e-01  1.16083357e-01  1.05951630e-01
  1.07919684e-01  1.07021254e-01  1.12063106e-01  1.00428861e-01
  1.06933535e-01  1.14089674e-01  1.14446304e-01  1.08458560e-01
  1.14499836e-01  1.16117803e-01  1.20755112e-01  1.17905590e-01
  1.12354361e-01  1.13744085e-01  9.17237070e-02  1.02811493e-01
  1.14756899e-01  1.22391956e-01  1.14506784e-01  1.11775677e-01
  1.18408946e-01  1.25144747e-01  1.19954647e-01  1.10712563e-01
  1.18434669e-01  2.00979570e-02  7.28530179e-02  1.18017390e-01
  1.24623836e-01  1.21035365e-01  1.17974199e-01  1.28383483e-01
  1.24625613e-01  1.25619757e-01  1.17536001e-01  1.21846431e-01
  1.23840866e-01  6.79736962e-02  1.22070547e-01  1.12649643e-01
  1.19643467e-01  1.19113474e-01  1.23519726e-01  1.24512254e-01
  1.18536830e-01  1.24652730e-01  1.25367024e-01  1.29075177e-01
  5.69259802e-02  1.18410211e-01  1.23450945e-01  1.19626688e-01
  1.22132622e-01  1.24858642e-01  1.14294332e-01  1.18840085e-01
  1.15453804e-01  1.14931924e-01  1.14679439e-01  4.84495750e-02
  1.15141789e-01  1.12524964e-01  1.08323136e-01  1.13096140e-01
  1.11735837e-01  1.10702354e-01  1.07662390e-01  1.14497765e-01
  1.09945979e-01  1.20267790e-01  4.60504358e-02  1.14319359e-01
  1.17601912e-01  1.09492633e-01 -7.82945761e-02  1.07470825e-01
  1.10590882e-01  1.04163378e-01  1.04375161e-01  1.18702961e-01
  1.18215611e-01  4.20775517e-02  1.18627916e-01  1.17317121e-01
  1.19767629e-01  1.23778280e-01  1.12165558e-01  1.15506576e-01
  1.14090103e-01  1.18109203e-01  1.18270641e-01  1.20814907e-01
  4.45612636e-02  1.18402330e-01  1.17883801e-01  1.12687953e-01
  1.08375463e-01  1.05117194e-01  9.87221804e-02  5.80558052e-02
 -1.10604364e-01  8.23790410e-02  8.36917284e-02  5.23726817e-02
  8.33604849e-02  8.72454047e-02  8.72454047e-02  9.08192336e-02
  8.37609677e-02  8.53795384e-02  9.09446477e-02  9.02366962e-02
  8.91372876e-02  8.12758124e-02  6.56352994e-02  8.37311615e-02
  8.48697804e-02  3.17255187e-02 -2.82943359e-02 -3.58465180e-02
  6.66672095e-02 -8.18311708e-02 -7.90772321e-02 -1.23170175e-01
 -4.07942261e-02  4.63637919e-02 -5.26744857e-02 -6.16330999e-02
 -1.24677639e-01 -1.24669253e-01  2.49145643e-02 -2.07501197e-03
 -1.75723899e-02 -4.42175108e-02 -7.53750373e-02 -9.69099786e-02
 -1.01055453e-02  5.46346528e-02 -6.14603209e-02 -5.46114620e-02
  1.67150570e-02 -9.04485455e-02 -3.55923209e-02 -6.48465219e-02
 -1.33882758e-01 -9.30622069e-02 -1.07118842e-01  1.67152031e-02
  5.16927139e-02 -3.77284574e-02 -1.65918676e-02 -3.65047195e-02
  7.42357984e-02  2.31077711e-02  1.11387447e-01  1.07802376e-01
  1.07084218e-01  9.93723483e-02  1.12686638e-01  5.02910012e-02
  8.81237126e-02  1.04203884e-01  8.05996240e-02  5.91058491e-02
  4.73438595e-02  7.74031673e-02  8.12231120e-02  6.93423601e-02
  2.64199038e-02  9.26953056e-02  6.27997811e-02  9.27754188e-02
  1.00154631e-01  1.14082266e-01  1.23461671e-01  1.19339356e-01
  1.18988615e-01  1.08073087e-01  5.07048951e-02  4.40325479e-02
  9.40522267e-02  9.34305585e-02  9.07087891e-02  5.92610401e-02
  9.59756354e-02  8.73842780e-02  1.16679601e-01  1.15743160e-01
  1.16578811e-01  1.21077505e-01  1.18276990e-01  9.28010418e-02
  9.77712369e-02  7.67999555e-02  8.17539940e-02  8.79409144e-02
  8.63598321e-02  6.09893668e-02  5.03904866e-02  7.19200511e-02
  1.06001244e-01  1.15450934e-01  1.17891866e-01  1.03197142e-01
  1.07326654e-01  1.00155410e-01  1.01013790e-01  2.51863631e-02
  7.55288808e-02 -3.90250706e-04  4.71041596e-02 -1.01879850e-02
 -7.05019555e-02 -1.25889528e-01  1.04944900e-01 -1.17050507e-01
 -1.10316785e-01 -1.01174580e-01 -6.01695704e-02 -6.34575876e-02
 -5.77244743e-02 -5.11546137e-03 -5.89520266e-03  1.54834100e-02
  2.46454774e-02  1.15082273e-01  4.25126515e-02  4.24056739e-02
 -3.32738892e-03  1.07874829e-02  4.18698290e-02  4.72816941e-02
  5.00427534e-02  8.65013697e-02  7.89477867e-02  7.39427847e-02
  1.09719265e-01  8.96359723e-02  9.52030744e-02  9.47689664e-02
  1.02533283e-01  1.03245879e-01  1.05276730e-01  1.05420206e-01
  1.03263178e-01  9.98389645e-02  1.09040844e-01  3.78758157e-02
  1.05763151e-01  9.89905256e-02  9.94451507e-02  9.30533113e-02
  1.00511059e-01  1.02788572e-01  9.66078051e-02  8.63987635e-02
  7.59531394e-02  9.82231330e-02  9.85711297e-02  1.14542247e-01
  9.71821561e-02  8.97769125e-02  8.90625772e-02  1.02357156e-01
  1.02394291e-01  9.88499079e-02  1.03644336e-01  1.09679105e-01
  1.15335561e-01  1.05951499e-01  1.07730482e-01  1.06735594e-01
  1.04145675e-01  1.05034423e-01  1.12655872e-01  1.16551337e-01
  1.18198487e-01  1.12811477e-01  1.11694345e-01  1.08506084e-01
  1.11979591e-01  1.14458777e-01  1.12831769e-01  1.16279908e-01
  1.18345891e-01  1.20789642e-01  1.12739347e-01  1.11574824e-01
  1.10794405e-01  1.12191464e-01  1.17555686e-01  1.15557296e-01
  1.14525171e-01  1.16087168e-01  1.15240484e-01  1.12957876e-01
  1.12436229e-01  1.10127202e-01  1.15647438e-01  1.21240621e-01
  1.19419981e-01  1.16436017e-01  1.15080755e-01  1.13134562e-01
  1.16206545e-01  1.18379268e-01  1.17582588e-01  1.12964967e-01
  1.05585455e-01  1.12496663e-01  1.13278243e-01  1.12790814e-01
  1.10964311e-01  1.09382438e-01  1.18004468e-01  1.07464457e-01
  1.06979507e-01  1.13025844e-01  1.16152106e-01  1.16204773e-01
  1.19520696e-01  1.05014765e-01  9.88259167e-02  1.01251259e-01
  1.18804173e-01  1.16682501e-01  1.13018373e-01  1.13480592e-01
  1.09798752e-01  1.10637068e-01  1.11166742e-01  1.05995463e-01
  1.08506965e-01  1.10664997e-01  1.08296282e-01  1.03688372e-01
  1.18533116e-01  9.89912957e-02  9.48837410e-02  1.06280466e-01
  1.09340033e-01  1.10231929e-01  1.11163442e-01  1.06520968e-01
  1.03932759e-01  1.06897911e-01  9.68349768e-02  1.16671168e-01
  9.80417493e-02  1.00165420e-01  9.53132382e-02  9.91746475e-02
  9.31657635e-02  9.45791932e-02  9.76907065e-02  1.04381786e-01
  1.02762226e-01  8.43207186e-02  5.45448652e-02  1.17892694e-01
  1.03383284e-01  1.13513384e-01  1.21650256e-01  1.20107116e-01
  1.28579684e-01  1.22926559e-01  5.37313737e-03 -1.04366170e-01
 -1.07942870e-01  6.50167948e-02  1.17208730e-01  6.45151818e-02
  6.56771902e-02  4.08869289e-02  9.02755986e-02  1.01365798e-01
  1.05247343e-01  3.69395694e-02  4.42605320e-02 -2.83132960e-02
 -6.07202976e-02  1.22618168e-01 -8.87855535e-02 -8.81304520e-02
 -3.79838264e-02  4.10851427e-02 -2.06859966e-03 -6.41130515e-02
 -7.97831639e-02 -6.55103106e-02  6.24438302e-02  6.69581142e-02
  1.13804922e-01 -7.87706037e-02 -8.43412388e-02 -1.46175743e-01
  4.65510713e-02  1.26106139e-02  2.45011765e-04  4.02002325e-02
  3.37652976e-02  6.79055289e-02  8.05533325e-02  1.08311839e-01
  7.49386950e-02  7.03239510e-02  3.49663814e-02  1.66092421e-02
 -8.90434159e-03 -3.09647388e-02 -1.36026427e-01 -1.45292742e-01
 -1.62005615e-01 -1.53800765e-01  1.15818881e-01 -1.33928949e-01
 -1.12861131e-01 -7.37518476e-02 -7.76768898e-03 -6.54018551e-02
 -1.02646255e-01 -8.30107098e-02 -5.34067105e-02 -4.32027409e-02
 -3.55009850e-02  1.04550219e-01 -1.70195926e-02  5.18437319e-03
  5.78750066e-02  5.23610746e-02  2.64398836e-02  2.15807792e-02
  2.97144009e-02  3.28467964e-02  4.50736188e-02  5.46038539e-02
  9.38722534e-02  2.88570579e-02  4.16267832e-02  4.05586725e-02
  3.39510012e-02 -9.73935775e-02  3.33791738e-02  2.57399345e-02
  6.01785548e-02  6.33688410e-02 -1.53884937e-01  1.04899913e-01
 -8.51562952e-02 -4.55455983e-02 -4.96275033e-02 -6.10712408e-02
 -6.71460447e-03 -2.63749773e-03 -6.20372088e-03  5.80338063e-03
  3.39850087e-03 -8.46483246e-03  9.01189596e-02 -1.11011608e-02
  2.08137650e-02  2.80882611e-02  3.68536064e-02  4.44961457e-02
  7.88360672e-02  7.02048375e-02  5.34289308e-02  1.52646005e-04
 -1.05619056e-02  6.79930606e-02  1.00257403e-01  1.49768450e-02
  3.63277584e-02  5.19350899e-02  6.78138498e-02  5.70162853e-02
  5.65385393e-02  7.88387198e-02  9.83079636e-02  1.00874269e-01
  1.08789551e-01  9.68772605e-02  1.00967705e-01  8.92449674e-02
  1.06535749e-01  1.02769927e-01  6.26492099e-02  7.45924516e-02
  8.43372302e-02  6.76286288e-02  6.26051026e-02  6.29330261e-02
  9.06495515e-02  5.72101069e-02  6.06276761e-02  8.49376106e-02
  5.88802316e-02  3.50002869e-02  4.19659084e-02  4.61274430e-02
  3.66831620e-02  1.60230196e-02  1.36401718e-02  9.83005167e-02
  7.00802689e-03 -2.89215149e-03  1.38500283e-02  6.10187553e-02
  9.07274762e-02  9.52812608e-02  8.42861976e-02  7.97502907e-02
  8.57006064e-02  7.72519192e-02  1.08799027e-01  7.94815872e-02
  8.98227276e-02  5.46337066e-02 -8.17901933e-02 -9.55741742e-02
 -9.53944020e-02 -1.92141882e-02 -8.83801208e-02 -7.90466488e-02
 -9.52779457e-02  1.00723896e-01 -8.95191433e-02 -8.56008045e-02
 -9.73884453e-02 -8.54226064e-02 -8.93532427e-02 -9.37071006e-02
 -9.03433669e-02 -9.39477370e-02 -9.21694562e-02 -9.69061471e-02
  1.08209565e-01 -1.04693653e-01 -1.03835185e-01 -1.17581322e-01
 -9.16656870e-02 -9.98547478e-02 -9.98969045e-02 -1.07337129e-01
 -1.32941039e-01 -1.48761434e-01 -1.36696718e-01  1.15840257e-01
 -1.43320970e-01 -1.48996642e-01 -1.52241941e-01 -1.51123235e-01
 -1.49484542e-01 -1.51052732e-01 -1.52964713e-01 -1.55491319e-01
 -1.42117757e-01 -1.66701191e-01  9.73019625e-02 -1.67951835e-01
 -1.87202967e-01 -1.81657529e-01 -1.76742593e-01 -1.70389778e-01
 -1.70336356e-01 -1.66444546e-01 -1.56071209e-01 -1.45619583e-01
 -1.47646857e-01  9.09321591e-02 -1.46614741e-01 -1.46659222e-01
 -1.38603297e-01 -1.40006318e-01 -1.33947970e-01 -1.37482871e-01
 -1.36558905e-01 -1.57339672e-01 -1.43969892e-01 -1.41108412e-01
  6.73610596e-02  7.93601723e-02  9.15974010e-02  8.47291289e-02
  7.27531707e-02  8.03640826e-02  5.77580211e-02  6.91421325e-02
  5.16632532e-02  6.10890666e-02  5.84073011e-02]
