param settings:OneClassSVM(cache_size=200, coef0=0.0, degree=3, gamma=0.2, kernel='rbf',
      max_iter=-1, nu=0.1, random_state=None, shrinking=True, tol=0.001,
      verbose=False)
cluster_thresh:
feature select:['lbp', 'gab', 'glcm', 'hog']
precision: {'precision_b1': 0.0988, 'precision': 0.8959, 'acc': 0.5183, 'recall_b1': 0.4609, 'recall': 0.5247, 'false_alert_b1': 0.9012, 'miss_alert_b1': 0.5391, 'false_alert': 0.10409999999999997, 'miss_alert': 0.47529999999999994, 'intersect_1': 594, 'intersect_b1': 59}
all_predict:
sum:1260
1 class :663
[1, 2, 4, 6, 7, 11, 12, 13, 15, 17, 20, 27, 28, 29, 31, 32, 33, 34, 37, 38, 39, 40, 43, 45, 49, 51, 52, 54, 57, 58, 60, 61, 62, 63, 64, 65, 66, 68, 70, 71, 74, 75, 77, 78, 80, 81, 82, 83, 85, 88, 89, 92, 96, 100, 106, 107, 108, 109, 110, 112, 113, 117, 118, 121, 123, 127, 129, 130, 131, 132, 133, 136, 137, 139, 140, 141, 145, 146, 147, 148, 151, 153, 154, 156, 157, 161, 162, 163, 165, 166, 170, 171, 172, 173, 177, 181, 182, 183, 184, 186, 187, 191, 194, 195, 200, 202, 203, 204, 205, 211, 212, 213, 217, 218, 219, 221, 223, 225, 226, 230, 232, 233, 240, 242, 243, 244, 246, 247, 248, 252, 254, 257, 261, 263, 264, 270, 271, 272, 273, 274, 275, 276, 280, 281, 284, 285, 286, 290, 292, 293, 295, 296, 301, 303, 304, 305, 307, 309, 310, 317, 318, 319, 320, 321, 322, 323, 325, 329, 332, 334, 338, 342, 346, 348, 349, 351, 352, 354, 356, 357, 359, 360, 362, 363, 364, 366, 368, 371, 372, 373, 375, 377, 378, 380, 385, 386, 389, 390, 391, 392, 393, 394, 395, 396, 398, 401, 404, 405, 408, 409, 411, 412, 416, 417, 418, 425, 426, 433, 434, 435, 436, 438, 439, 440, 442, 444, 445, 446, 448, 449, 450, 453, 454, 455, 456, 458, 460, 461, 463, 464, 465, 466, 468, 470, 472, 473, 474, 475, 476, 477, 479, 481, 483, 484, 485, 486, 487, 489, 490, 491, 492, 493, 494, 495, 496, 497, 501, 502, 504, 508, 509, 512, 516, 518, 520, 522, 523, 524, 525, 526, 531, 533, 534, 536, 539, 541, 542, 543, 545, 546, 548, 551, 552, 553, 554, 555, 557, 558, 559, 560, 561, 562, 563, 564, 566, 568, 571, 572, 573, 574, 575, 577, 578, 581, 582, 583, 584, 585, 586, 587, 588, 589, 591, 592, 593, 594, 597, 599, 600, 602, 603, 613, 614, 616, 618, 619, 621, 626, 632, 633, 634, 636, 638, 640, 641, 651, 653, 655, 661, 667, 668, 669, 671, 672, 673, 674, 676, 678, 680, 682, 684, 687, 688, 692, 695, 696, 699, 700, 702, 703, 706, 707, 708, 709, 710, 711, 713, 714, 715, 716, 717, 718, 719, 720, 721, 723, 729, 730, 733, 734, 739, 740, 743, 744, 745, 746, 750, 751, 752, 755, 756, 757, 759, 760, 762, 763, 766, 767, 768, 771, 772, 773, 774, 775, 777, 779, 781, 785, 787, 788, 789, 791, 792, 793, 795, 797, 798, 799, 801, 802, 803, 805, 806, 808, 811, 812, 813, 816, 817, 818, 819, 821, 824, 827, 829, 830, 832, 833, 836, 837, 838, 842, 843, 844, 845, 846, 847, 849, 852, 853, 856, 857, 858, 859, 860, 861, 863, 864, 866, 867, 868, 869, 870, 871, 872, 873, 875, 876, 880, 881, 886, 888, 889, 890, 891, 892, 897, 900, 902, 906, 911, 913, 917, 918, 920, 921, 923, 924, 926, 928, 929, 930, 931, 935, 936, 939, 941, 943, 948, 949, 950, 954, 955, 956, 960, 965, 968, 970, 977, 978, 979, 980, 981, 982, 983, 984, 985, 986, 989, 990, 997, 998, 1000, 1001, 1002, 1004, 1007, 1009, 1010, 1011, 1015, 1016, 1017, 1018, 1019, 1020, 1021, 1022, 1024, 1025, 1027, 1028, 1029, 1034, 1035, 1038, 1039, 1040, 1043, 1044, 1045, 1049, 1050, 1051, 1053, 1054, 1056, 1060, 1061, 1064, 1065, 1066, 1069, 1070, 1071, 1072, 1075, 1076, 1077, 1079, 1082, 1084, 1089, 1091, 1092, 1093, 1095, 1098, 1102, 1103, 1107, 1109, 1112, 1114, 1115, 1116, 1117, 1120, 1121, 1122, 1125, 1126, 1128, 1129, 1134, 1137, 1138, 1139, 1140, 1146, 1149, 1152, 1154, 1155, 1157, 1159, 1161, 1162, 1163, 1165, 1166, 1167, 1168, 1169, 1175, 1177, 1182, 1184, 1186, 1188, 1189, 1191, 1196, 1201, 1202, 1203, 1204, 1207, 1208, 1210, 1212, 1215, 1223, 1224, 1227, 1228, 1229, 1230, 1231, 1233, 1235, 1240, 1241, 1243, 1244, 1248, 1250, 1251, 1252, 1253, 1255, 1256, 1257]
-1 class :597
[3, 5, 8, 9, 10, 14, 16, 18, 19, 21, 22, 23, 24, 25, 26, 30, 35, 36, 41, 42, 44, 46, 47, 48, 50, 53, 55, 56, 59, 67, 69, 72, 73, 76, 79, 84, 86, 87, 90, 91, 93, 94, 95, 97, 98, 99, 101, 102, 103, 104, 105, 111, 114, 115, 116, 119, 120, 122, 124, 125, 126, 128, 134, 135, 138, 142, 143, 144, 149, 150, 152, 155, 158, 159, 160, 164, 167, 168, 169, 174, 175, 176, 178, 179, 180, 185, 188, 189, 190, 192, 193, 196, 197, 198, 199, 201, 206, 207, 208, 209, 210, 214, 215, 216, 220, 222, 224, 227, 228, 229, 231, 234, 235, 236, 237, 238, 239, 241, 245, 249, 250, 251, 253, 255, 256, 258, 259, 260, 262, 265, 266, 267, 268, 269, 277, 278, 279, 282, 283, 287, 288, 289, 291, 294, 297, 298, 299, 300, 302, 306, 308, 311, 312, 313, 314, 315, 316, 324, 326, 327, 328, 330, 331, 333, 335, 336, 337, 339, 340, 341, 343, 344, 345, 347, 350, 353, 355, 358, 361, 365, 367, 369, 370, 374, 376, 379, 381, 382, 383, 384, 387, 388, 397, 399, 400, 402, 403, 406, 407, 410, 413, 414, 415, 419, 420, 421, 422, 423, 424, 427, 428, 429, 430, 431, 432, 437, 441, 443, 447, 451, 452, 457, 459, 462, 467, 469, 471, 478, 480, 482, 488, 498, 499, 500, 503, 505, 506, 507, 510, 511, 513, 514, 515, 517, 519, 521, 527, 528, 529, 530, 532, 535, 537, 538, 540, 544, 547, 549, 550, 556, 565, 567, 569, 570, 576, 579, 580, 590, 595, 596, 598, 601, 604, 605, 606, 607, 608, 609, 610, 611, 612, 615, 617, 620, 622, 623, 624, 625, 627, 628, 629, 630, 631, 635, 637, 639, 642, 643, 644, 645, 646, 647, 648, 649, 650, 652, 654, 656, 657, 658, 659, 660, 662, 663, 664, 665, 666, 670, 675, 677, 679, 681, 683, 685, 686, 689, 690, 691, 693, 694, 697, 698, 701, 704, 705, 712, 722, 724, 725, 726, 727, 728, 731, 732, 735, 736, 737, 738, 741, 742, 747, 748, 749, 753, 754, 758, 761, 764, 765, 769, 770, 776, 778, 780, 782, 783, 784, 786, 790, 794, 796, 800, 804, 807, 809, 810, 814, 815, 820, 822, 823, 825, 826, 828, 831, 834, 835, 839, 840, 841, 848, 850, 851, 854, 855, 862, 865, 874, 877, 878, 879, 882, 883, 884, 885, 887, 893, 894, 895, 896, 898, 899, 901, 903, 904, 905, 907, 908, 909, 910, 912, 914, 915, 916, 919, 922, 925, 927, 932, 933, 934, 937, 938, 940, 942, 944, 945, 946, 947, 951, 952, 953, 957, 958, 959, 961, 962, 963, 964, 966, 967, 969, 971, 972, 973, 974, 975, 976, 987, 988, 991, 992, 993, 994, 995, 996, 999, 1003, 1005, 1006, 1008, 1012, 1013, 1014, 1023, 1026, 1030, 1031, 1032, 1033, 1036, 1037, 1041, 1042, 1046, 1047, 1048, 1052, 1055, 1057, 1058, 1059, 1062, 1063, 1067, 1068, 1073, 1074, 1078, 1080, 1081, 1083, 1085, 1086, 1087, 1088, 1090, 1094, 1096, 1097, 1099, 1100, 1101, 1104, 1105, 1106, 1108, 1110, 1111, 1113, 1118, 1119, 1123, 1124, 1127, 1130, 1131, 1132, 1133, 1135, 1136, 1141, 1142, 1143, 1144, 1145, 1147, 1148, 1150, 1151, 1153, 1156, 1158, 1160, 1164, 1170, 1171, 1172, 1173, 1174, 1176, 1178, 1179, 1180, 1181, 1183, 1185, 1187, 1190, 1192, 1193, 1194, 1195, 1197, 1198, 1199, 1200, 1205, 1206, 1209, 1211, 1213, 1214, 1216, 1217, 1218, 1219, 1220, 1221, 1222, 1225, 1226, 1232, 1234, 1236, 1237, 1238, 1239, 1242, 1245, 1246, 1247, 1249, 1254, 1258, 1259, 1260]

score : [ 3.24504953e-04 -6.69816714e-05  3.84543920e-04 ...  2.54493459e-04
  2.60496567e-05 -2.57072792e-05]
