param settings:OneClassSVM(cache_size=200, coef0=0.0, degree=3, gamma=0.2, kernel='rbf',
      max_iter=-1, nu=0.1, random_state=None, shrinking=True, tol=0.001,
      verbose=False)
cluster_thresh:
feature select:['glcm']
precision: {'precision_b1': 0.2203, 'precision': 0.9245, 'acc': 0.7976, 'recall_b1': 0.3906, 'recall': 0.8436, 'false_alert_b1': 0.7797000000000001, 'miss_alert_b1': 0.6093999999999999, 'false_alert': 0.07550000000000001, 'miss_alert': 0.15639999999999998, 'intersect_1': 955, 'intersect_b1': 50}
all_predict:
sum:1260
1 class :1033
[1, 5, 6, 7, 8, 9, 10, 11, 12, 13, 14, 15, 16, 18, 19, 21, 22, 23, 24, 26, 27, 28, 29, 30, 31, 32, 33, 35, 38, 39, 40, 41, 42, 43, 44, 45, 47, 48, 49, 50, 53, 54, 56, 57, 58, 59, 61, 63, 68, 70, 71, 72, 73, 74, 79, 81, 83, 84, 86, 87, 88, 89, 90, 92, 93, 94, 95, 96, 99, 100, 101, 103, 104, 105, 106, 107, 108, 109, 112, 115, 116, 118, 119, 120, 121, 122, 123, 124, 125, 126, 127, 128, 129, 130, 131, 132, 133, 136, 138, 140, 141, 142, 143, 144, 145, 146, 147, 148, 149, 151, 153, 155, 158, 160, 162, 163, 164, 165, 167, 169, 173, 174, 175, 178, 179, 181, 183, 184, 185, 186, 187, 188, 189, 191, 192, 193, 195, 196, 197, 198, 199, 200, 201, 202, 203, 204, 206, 207, 208, 209, 210, 211, 212, 214, 215, 216, 217, 218, 219, 220, 221, 224, 225, 227, 229, 230, 231, 232, 233, 234, 235, 236, 237, 238, 239, 240, 241, 242, 243, 244, 245, 248, 250, 251, 252, 253, 254, 255, 256, 257, 258, 261, 262, 263, 264, 265, 266, 267, 268, 269, 270, 271, 272, 273, 274, 275, 276, 277, 278, 279, 280, 281, 282, 283, 285, 286, 287, 288, 289, 291, 292, 293, 294, 295, 296, 297, 298, 299, 300, 301, 302, 303, 304, 305, 306, 307, 308, 309, 310, 311, 312, 313, 314, 315, 316, 317, 318, 319, 320, 322, 323, 324, 326, 327, 328, 329, 330, 331, 332, 333, 335, 336, 337, 338, 340, 341, 342, 343, 345, 348, 351, 352, 354, 356, 357, 358, 360, 362, 363, 366, 368, 370, 371, 373, 374, 376, 377, 378, 379, 380, 381, 383, 384, 385, 386, 387, 388, 389, 390, 392, 393, 394, 395, 396, 397, 398, 399, 400, 401, 402, 404, 406, 408, 409, 412, 413, 414, 415, 416, 417, 424, 426, 427, 428, 429, 430, 431, 432, 433, 434, 435, 437, 438, 439, 440, 441, 442, 443, 444, 445, 446, 447, 448, 449, 450, 451, 452, 453, 454, 455, 456, 457, 458, 459, 460, 461, 462, 463, 464, 465, 466, 467, 468, 469, 470, 471, 472, 473, 474, 475, 476, 477, 478, 479, 480, 481, 482, 483, 484, 485, 486, 487, 488, 489, 490, 491, 492, 493, 494, 495, 496, 497, 498, 499, 500, 501, 504, 505, 506, 507, 508, 510, 511, 512, 513, 515, 516, 517, 518, 519, 521, 522, 523, 524, 525, 526, 527, 528, 531, 535, 536, 537, 538, 539, 540, 541, 542, 543, 544, 545, 546, 547, 548, 549, 550, 551, 552, 553, 554, 555, 556, 557, 558, 559, 560, 561, 562, 563, 564, 565, 566, 567, 568, 569, 570, 571, 572, 573, 574, 575, 576, 577, 578, 579, 580, 581, 582, 583, 584, 585, 586, 588, 589, 590, 591, 592, 593, 594, 595, 597, 598, 599, 600, 601, 602, 603, 604, 605, 606, 607, 608, 609, 610, 611, 612, 613, 614, 615, 616, 617, 618, 619, 620, 621, 622, 623, 624, 625, 626, 627, 628, 629, 630, 631, 633, 634, 635, 637, 638, 639, 640, 641, 642, 643, 644, 645, 646, 647, 648, 649, 650, 652, 653, 654, 655, 656, 657, 658, 659, 660, 661, 662, 663, 664, 665, 666, 667, 668, 669, 670, 671, 672, 673, 674, 675, 676, 677, 678, 679, 680, 681, 682, 684, 685, 686, 687, 689, 690, 691, 693, 694, 698, 699, 700, 701, 702, 703, 704, 707, 708, 709, 710, 711, 712, 713, 714, 715, 716, 717, 718, 719, 720, 721, 722, 723, 728, 730, 731, 732, 733, 734, 735, 737, 738, 740, 741, 744, 745, 747, 748, 749, 750, 758, 759, 760, 761, 763, 764, 765, 766, 768, 769, 770, 771, 772, 773, 775, 776, 777, 778, 780, 782, 783, 784, 785, 788, 789, 790, 792, 794, 795, 796, 797, 798, 799, 800, 801, 802, 804, 805, 806, 807, 808, 810, 811, 812, 814, 815, 816, 817, 818, 820, 821, 822, 823, 824, 825, 826, 827, 828, 829, 830, 831, 832, 833, 834, 835, 836, 837, 838, 839, 840, 842, 843, 844, 845, 846, 847, 848, 849, 850, 851, 852, 853, 854, 855, 856, 857, 858, 859, 860, 861, 862, 863, 864, 865, 866, 867, 868, 869, 870, 873, 874, 875, 876, 877, 878, 879, 880, 881, 882, 883, 884, 885, 886, 887, 888, 889, 890, 891, 892, 893, 894, 895, 896, 897, 898, 899, 900, 901, 902, 903, 904, 905, 906, 907, 908, 909, 910, 911, 912, 913, 914, 915, 916, 917, 918, 919, 921, 922, 923, 924, 925, 926, 927, 930, 931, 932, 933, 935, 936, 938, 939, 941, 942, 943, 945, 947, 948, 949, 950, 952, 953, 954, 955, 956, 957, 958, 959, 960, 961, 962, 963, 964, 965, 966, 969, 970, 971, 972, 973, 974, 975, 976, 977, 978, 980, 981, 982, 983, 984, 985, 986, 987, 988, 990, 991, 992, 993, 994, 995, 996, 997, 1001, 1002, 1003, 1004, 1005, 1006, 1007, 1008, 1009, 1010, 1011, 1012, 1013, 1014, 1015, 1017, 1018, 1019, 1021, 1022, 1023, 1024, 1025, 1026, 1027, 1028, 1029, 1030, 1031, 1032, 1034, 1036, 1037, 1038, 1039, 1040, 1041, 1042, 1046, 1047, 1049, 1050, 1051, 1053, 1054, 1055, 1056, 1058, 1061, 1063, 1064, 1065, 1066, 1067, 1069, 1070, 1072, 1075, 1077, 1078, 1080, 1083, 1084, 1086, 1087, 1088, 1089, 1090, 1091, 1092, 1093, 1094, 1095, 1096, 1097, 1098, 1099, 1100, 1101, 1102, 1103, 1104, 1105, 1106, 1107, 1108, 1110, 1111, 1112, 1113, 1114, 1115, 1116, 1117, 1118, 1119, 1120, 1121, 1122, 1123, 1124, 1125, 1126, 1127, 1128, 1129, 1130, 1131, 1132, 1133, 1134, 1135, 1136, 1137, 1138, 1139, 1140, 1141, 1142, 1143, 1144, 1145, 1146, 1147, 1148, 1149, 1150, 1151, 1152, 1153, 1154, 1156, 1157, 1158, 1159, 1160, 1161, 1162, 1163, 1164, 1165, 1166, 1167, 1168, 1169, 1171, 1172, 1173, 1174, 1175, 1176, 1177, 1178, 1179, 1180, 1181, 1182, 1183, 1184, 1186, 1187, 1188, 1189, 1190, 1191, 1192, 1193, 1194, 1197, 1198, 1200, 1201, 1202, 1203, 1204, 1205, 1206, 1207, 1208, 1209, 1210, 1211, 1212, 1213, 1214, 1215, 1216, 1217, 1219, 1220, 1226, 1227, 1228, 1230, 1232, 1233, 1234, 1237, 1238, 1239, 1241, 1242, 1244, 1248, 1252, 1254, 1255, 1256, 1259, 1260]
-1 class :227
[2, 3, 4, 17, 20, 25, 34, 36, 37, 46, 51, 52, 55, 60, 62, 64, 65, 66, 67, 69, 75, 76, 77, 78, 80, 82, 85, 91, 97, 98, 102, 110, 111, 113, 114, 117, 134, 135, 137, 139, 150, 152, 154, 156, 157, 159, 161, 166, 168, 170, 171, 172, 176, 177, 180, 182, 190, 194, 205, 213, 222, 223, 226, 228, 246, 247, 249, 259, 260, 284, 290, 321, 325, 334, 339, 344, 346, 347, 349, 350, 353, 355, 359, 361, 364, 365, 367, 369, 372, 375, 382, 391, 403, 405, 407, 410, 411, 418, 419, 420, 421, 422, 423, 425, 436, 502, 503, 509, 514, 520, 529, 530, 532, 533, 534, 587, 596, 632, 636, 651, 683, 688, 692, 695, 696, 697, 705, 706, 724, 725, 726, 727, 729, 736, 739, 742, 743, 746, 751, 752, 753, 754, 755, 756, 757, 762, 767, 774, 779, 781, 786, 787, 791, 793, 803, 809, 813, 819, 841, 871, 872, 920, 928, 929, 934, 937, 940, 944, 946, 951, 967, 968, 979, 989, 998, 999, 1000, 1016, 1020, 1033, 1035, 1043, 1044, 1045, 1048, 1052, 1057, 1059, 1060, 1062, 1068, 1071, 1073, 1074, 1076, 1079, 1081, 1082, 1085, 1109, 1155, 1170, 1185, 1195, 1196, 1199, 1218, 1221, 1222, 1223, 1224, 1225, 1229, 1231, 1235, 1236, 1240, 1243, 1245, 1246, 1247, 1249, 1250, 1251, 1253, 1257, 1258]

score : [ 3.52654969e-05  4.06607563e-02  2.38615259e-04 ...  9.88307815e-02
 -1.32600591e-08 -1.83054554e-04]
