param settings:OneClassSVM(cache_size=200, coef0=0.0, degree=3, gamma=0.2, kernel='rbf',
      max_iter=-1, nu=0.2, random_state=None, shrinking=True, tol=0.001,
      verbose=False)
cluster_thresh:
feature select:['lbp', 'gab', 'glcm', 'hog', 'ori']
precision: {'precision_b1': 0.1643, 'precision': 0.739, 'acc': 0.4705, 'recall_b1': 0.3557, 'recall': 0.5021, 'false_alert_b1': 0.8357, 'miss_alert_b1': 0.6443, 'false_alert': 0.261, 'miss_alert': 0.4979, 'intersect_1': 354, 'intersect_b1': 69}
all_predict:
sum:899
1 class :479
[3, 4, 6, 7, 10, 11, 13, 14, 15, 17, 18, 24, 25, 29, 30, 31, 32, 33, 36, 38, 39, 46, 47, 50, 51, 52, 53, 55, 56, 57, 59, 61, 63, 66, 69, 73, 75, 77, 79, 80, 81, 82, 83, 84, 87, 88, 89, 96, 97, 100, 101, 102, 108, 109, 110, 112, 113, 114, 116, 117, 125, 131, 133, 135, 139, 140, 141, 147, 148, 149, 151, 153, 154, 156, 157, 160, 164, 167, 169, 172, 174, 177, 180, 181, 182, 187, 189, 190, 191, 193, 195, 197, 200, 201, 203, 205, 206, 208, 209, 210, 211, 212, 215, 216, 217, 218, 220, 222, 223, 224, 226, 227, 229, 233, 234, 235, 236, 238, 239, 240, 242, 243, 244, 247, 248, 250, 251, 252, 254, 257, 258, 260, 262, 264, 265, 267, 271, 272, 275, 276, 277, 281, 283, 288, 289, 290, 292, 294, 295, 296, 297, 300, 301, 303, 307, 308, 309, 311, 312, 313, 314, 315, 316, 317, 318, 320, 321, 322, 323, 326, 327, 328, 329, 331, 334, 336, 337, 339, 341, 342, 344, 346, 349, 352, 355, 356, 358, 359, 360, 362, 363, 365, 366, 368, 369, 370, 371, 373, 374, 375, 377, 378, 381, 384, 385, 391, 392, 397, 398, 400, 403, 404, 405, 408, 409, 410, 414, 415, 417, 418, 421, 425, 426, 427, 428, 429, 430, 431, 437, 441, 442, 444, 449, 451, 453, 454, 457, 463, 466, 469, 472, 475, 477, 479, 481, 483, 484, 485, 486, 488, 489, 490, 491, 492, 493, 496, 498, 499, 500, 501, 503, 506, 507, 508, 509, 510, 511, 513, 514, 515, 517, 518, 521, 524, 525, 526, 527, 529, 531, 533, 536, 540, 541, 542, 544, 545, 547, 548, 549, 553, 554, 555, 556, 557, 560, 561, 564, 566, 567, 568, 569, 571, 572, 576, 577, 578, 579, 580, 581, 582, 583, 584, 585, 586, 587, 589, 592, 597, 601, 603, 608, 609, 612, 613, 615, 616, 617, 618, 619, 620, 621, 622, 624, 628, 633, 634, 635, 638, 640, 646, 648, 651, 653, 657, 658, 659, 662, 664, 674, 675, 677, 681, 682, 685, 686, 688, 689, 691, 692, 696, 698, 699, 702, 705, 707, 711, 712, 714, 716, 718, 719, 720, 721, 722, 724, 727, 728, 729, 730, 731, 733, 734, 735, 736, 737, 738, 739, 740, 741, 742, 747, 748, 749, 752, 756, 757, 758, 761, 762, 763, 764, 765, 767, 768, 769, 770, 771, 773, 775, 776, 780, 781, 782, 789, 790, 791, 794, 795, 796, 798, 802, 804, 807, 811, 814, 815, 817, 818, 819, 820, 821, 822, 823, 825, 827, 829, 830, 831, 832, 833, 834, 837, 838, 839, 840, 843, 844, 845, 846, 853, 854, 855, 857, 859, 860, 861, 864, 866, 869, 870, 871, 874, 876, 877, 878, 879, 881, 882, 883, 885, 886, 888, 890, 891, 894, 895, 897, 898, 899]
-1 class :420
[1, 2, 5, 8, 9, 12, 16, 19, 20, 21, 22, 23, 26, 27, 28, 34, 35, 37, 40, 41, 42, 43, 44, 45, 48, 49, 54, 58, 60, 62, 64, 65, 67, 68, 70, 71, 72, 74, 76, 78, 85, 86, 90, 91, 92, 93, 94, 95, 98, 99, 103, 104, 105, 106, 107, 111, 115, 118, 119, 120, 121, 122, 123, 124, 126, 127, 128, 129, 130, 132, 134, 136, 137, 138, 142, 143, 144, 145, 146, 150, 152, 155, 158, 159, 161, 162, 163, 165, 166, 168, 170, 171, 173, 175, 176, 178, 179, 183, 184, 185, 186, 188, 192, 194, 196, 198, 199, 202, 204, 207, 213, 214, 219, 221, 225, 228, 230, 231, 232, 237, 241, 245, 246, 249, 253, 255, 256, 259, 261, 263, 266, 268, 269, 270, 273, 274, 278, 279, 280, 282, 284, 285, 286, 287, 291, 293, 298, 299, 302, 304, 305, 306, 310, 319, 324, 325, 330, 332, 333, 335, 338, 340, 343, 345, 347, 348, 350, 351, 353, 354, 357, 361, 364, 367, 372, 376, 379, 380, 382, 383, 386, 387, 388, 389, 390, 393, 394, 395, 396, 399, 401, 402, 406, 407, 411, 412, 413, 416, 419, 420, 422, 423, 424, 432, 433, 434, 435, 436, 438, 439, 440, 443, 445, 446, 447, 448, 450, 452, 455, 456, 458, 459, 460, 461, 462, 464, 465, 467, 468, 470, 471, 473, 474, 476, 478, 480, 482, 487, 494, 495, 497, 502, 504, 505, 512, 516, 519, 520, 522, 523, 528, 530, 532, 534, 535, 537, 538, 539, 543, 546, 550, 551, 552, 558, 559, 562, 563, 565, 570, 573, 574, 575, 588, 590, 591, 593, 594, 595, 596, 598, 599, 600, 602, 604, 605, 606, 607, 610, 611, 614, 623, 625, 626, 627, 629, 630, 631, 632, 636, 637, 639, 641, 642, 643, 644, 645, 647, 649, 650, 652, 654, 655, 656, 660, 661, 663, 665, 666, 667, 668, 669, 670, 671, 672, 673, 676, 678, 679, 680, 683, 684, 687, 690, 693, 694, 695, 697, 700, 701, 703, 704, 706, 708, 709, 710, 713, 715, 717, 723, 725, 726, 732, 743, 744, 745, 746, 750, 751, 753, 754, 755, 759, 760, 766, 772, 774, 777, 778, 779, 783, 784, 785, 786, 787, 788, 792, 793, 797, 799, 800, 801, 803, 805, 806, 808, 809, 810, 812, 813, 816, 824, 826, 828, 835, 836, 841, 842, 847, 848, 849, 850, 851, 852, 856, 858, 862, 863, 865, 867, 868, 872, 873, 875, 880, 884, 887, 889, 892, 893, 896]

score : [-1.71513249e-04  1.62268080e-04  1.23366732e-04  2.60660336e-04
  7.77835751e-05 -8.73079503e-05 -8.73000444e-05 -5.02990445e-04
 -3.77574450e-05 -5.30440985e-04  1.16800646e-05  7.84120519e-05
  2.14650105e-04  1.91541483e-04 -1.68760668e-04  1.97458674e-04
  1.81659274e-04  3.55229159e-04 -4.33181469e-04  1.63478147e-04
  6.85581226e-05 -4.83874048e-04 -1.74549167e-04 -4.74709355e-04
 -9.42869429e-05 -4.82194064e-04 -2.58095482e-05 -4.80420841e-04
 -1.61463287e-04  2.53840720e-04 -1.43300205e-04 -5.81972577e-04
 -4.20243281e-04 -2.18782357e-04  3.48436062e-04 -2.71867909e-04
  2.71806038e-04 -2.44822062e-04  1.07128550e-04 -2.77259915e-05
  8.10812666e-05 -3.65527308e-04 -3.03695641e-04 -1.15797439e-04
  2.31111210e-04  1.88252415e-05  1.26697981e-04  2.16605872e-04
 -8.16191762e-05 -2.90351208e-04 -4.37601454e-05 -5.26571382e-05
 -2.34246791e-04  5.20530462e-05  5.06501837e-05  7.69318471e-06
  1.55527340e-04 -4.47154191e-04  3.06609663e-04 -1.75944400e-04
  1.11243460e-04  1.03862884e-04 -2.74613275e-04  1.47628935e-04
  4.72630251e-05 -2.32449740e-04 -9.06301573e-05 -6.39839251e-05
  1.87358711e-04 -5.70099345e-04 -1.58508927e-04 -1.58510265e-04
  2.94650658e-04 -8.46751018e-05 -3.87051857e-04  1.71799770e-04
 -3.37701953e-05  2.87007973e-04  1.91997786e-04 -2.21567131e-04
 -4.86469780e-04  9.27800133e-05 -2.90628502e-04  3.01423407e-04
 -1.13678961e-04 -2.79700468e-04  8.93802781e-05 -1.47099405e-04
 -2.51649044e-04  1.98768937e-04  3.29702770e-04  3.25156895e-04
  1.69678500e-04 -2.42637078e-04 -1.84356043e-04 -2.77294336e-04
 -2.78283325e-04  2.01317567e-04 -2.81199473e-06  1.99536873e-04
 -6.77039345e-05  1.26034149e-04  2.42693180e-04 -5.56042630e-04
  3.48110633e-04 -2.35613195e-04  1.42253043e-04 -5.93052838e-05
  2.07060302e-04 -1.93526166e-04 -4.66400979e-04 -4.54251481e-04
 -2.53136966e-04  2.00874336e-04  3.01367462e-04 -2.55974005e-04
  1.28233221e-04 -3.11013537e-04  3.37869898e-04  1.81583416e-04
 -4.39191218e-04  3.45718189e-04  6.34745146e-05 -1.33762544e-04
  3.10370540e-04  1.16319553e-04  3.43983902e-04 -6.58428612e-05
 -3.48173374e-04  1.93653877e-04  1.94853145e-04  7.40668458e-05
  7.44459419e-03 -3.91473852e-04 -1.33762576e-04  1.53574984e-04
 -1.94622810e-04  3.47415510e-05  3.45020862e-04  1.10811408e-04
 -1.62792354e-05  1.75529267e-04  1.63020764e-04 -1.98102667e-04
  1.87497621e-04 -5.36411660e-04 -1.61992778e-04 -2.52462430e-04
 -1.71279653e-04  2.01823287e-04  3.55181091e-04  2.12828927e-05
  1.70350468e-04 -8.46781245e-05  2.06415280e-04  1.45877549e-04
  9.12296633e-05  2.79534976e-04 -4.67259078e-04  3.50301183e-04
  8.86358612e-05  2.20288702e-04 -4.82871554e-04 -6.08718714e-05
  1.36661378e-04  1.65775030e-04 -4.65758642e-04  1.31457006e-04
  1.05115158e-04  6.64607679e-05  1.64233827e-04 -3.61175156e-04
  3.07531993e-04 -1.65090705e-04 -6.05828190e-04  2.69709492e-04
  1.01032243e-04 -8.20737699e-05 -6.61207568e-05  2.50818615e-04
 -1.58039766e-04  3.41049351e-04 -6.33348026e-05  1.21092788e-04
  3.23727880e-04 -6.78181395e-06  2.68449057e-04 -5.67053095e-05
 -1.00413433e-04 -5.35754216e-04 -5.21457958e-04  3.90719993e-04
  3.08275657e-04 -5.09189222e-05 -9.13023089e-05  1.18478237e-04
  3.42242477e-04  5.94348595e-05 -9.06587502e-05 -1.63300889e-04
 -1.09680362e-04 -3.92834268e-04  3.13538870e-04 -2.63479639e-04
  1.25646233e-04 -4.31068005e-04 -4.81216711e-04 -7.19730642e-05
 -5.11081417e-04  3.79987988e-04  2.17436448e-04  1.45735549e-04
  2.21351115e-04 -3.48333414e-04  3.02639286e-04 -9.27451972e-05
  2.60714349e-04  2.52853523e-04  7.86862013e-05  2.23777312e-04
 -4.96008249e-04 -4.13921875e-04  8.14391917e-05  3.18973928e-05
  3.22210432e-04  1.52537314e-04 -1.19609951e-04  1.46558916e-04
 -5.78683871e-05 -2.90176719e-04 -6.23696555e-05  3.87800905e-05
  2.79478052e-05  2.01803568e-04  7.41072322e-05 -1.25383899e-05
  3.30818651e-04  2.39150800e-04  7.24181546e-05  2.00858760e-04
  1.98484449e-04  2.75941254e-04  3.22581546e-04  1.94464381e-04
 -6.51196484e-05  2.94821328e-04  1.98023715e-04  9.23629545e-05
  1.45167833e-04  8.37886769e-05 -5.35732972e-05 -5.74231266e-05
  3.77934641e-04  1.68936494e-04  3.29351730e-04  2.35293719e-04
  2.84330527e-05 -8.16024173e-05  2.06772923e-04 -5.48669292e-04
 -7.52590159e-05  1.43724814e-04 -5.54424380e-05  9.59671939e-05
  2.51593263e-04 -2.17933868e-04  2.07075356e-04 -9.27454644e-05
 -3.97763810e-04  3.10818407e-04  1.79344230e-04 -5.93231257e-04
  2.13091394e-04 -5.56750950e-05  2.04453885e-04 -2.29492332e-05
 -8.48126322e-05  2.68362829e-04 -4.48264932e-04 -2.48059064e-04
 -9.02663465e-05  3.08369401e-04 -1.31019990e-05 -1.15069640e-04
  2.67402079e-04  3.01136316e-04 -3.57606570e-04  9.42826111e-05
  3.04576499e-04  1.58039232e-04  2.05570574e-04 -3.48570754e-04
  3.29650415e-04  3.55564474e-04 -5.87250244e-05  1.75375386e-04
  8.83312122e-05 -6.18049147e-05  1.68454431e-04  2.05023928e-04
 -9.38637166e-05  2.27750335e-04  2.48500398e-04 -3.52844352e-04
  1.01116967e-04  1.95266710e-04  1.96084319e-04 -2.19887820e-04
  2.37764900e-04  3.47433593e-05 -5.36441219e-04  2.11947933e-04
 -1.34019274e-04  9.85016114e-05 -1.12170284e-08 -8.71942213e-05
  2.27125338e-04  3.45060090e-04 -4.10105355e-05 -3.40552597e-04
 -1.28045357e-04 -8.68742945e-05  3.49181733e-04 -9.74264474e-05
  3.37889864e-04  1.86733100e-04 -1.47877447e-04 -1.28084712e-05
 -9.29180933e-05 -4.71678820e-04  3.96830938e-05  1.44336295e-04
 -5.89557534e-04  1.75671634e-04 -3.14863719e-04  1.40219684e-04
 -4.66778149e-04 -2.16387118e-04  3.41456281e-04  2.31574534e-02
  4.55625834e-02 -5.87929637e-05 -8.46278370e-05  3.63636423e-02
  6.11961257e-02 -6.42627760e-05  4.17630107e-02 -4.41540011e-05
 -5.34747421e-05 -5.26608203e-04  4.97938577e-02  3.26275863e-02
 -4.90556645e-04  1.67258766e-04  2.62200463e-05 -3.89007582e-04
 -5.52743197e-05 -1.06999078e-04  3.62219787e-04 -1.08529884e-04
 -2.58731122e-04 -3.08434327e-04  2.17298051e-04  3.06376260e-03
  1.40434937e-04  7.70145372e-05  4.08222993e-03 -5.76442291e-05
  3.02001726e-05  1.65457397e-02 -2.57300292e-04 -1.09746591e-05
 -1.66403574e-04 -6.37592928e-05 -1.39121037e-04  4.25736142e-06
 -3.44706697e-04 -3.36190930e-04 -7.30702155e-05 -1.92435053e-04
  3.32605364e-04  2.60421374e-04 -7.15755396e-05  2.99920609e-04
 -2.17990957e-04 -5.83430483e-05 -2.69601257e-04 -2.28498824e-04
  8.31506617e-05 -8.47402707e-05 -2.77039382e-04  2.92232538e-04
 -1.15782616e-04  2.12509792e-04  1.70157921e-04 -3.46443693e-04
 -5.73016517e-04  9.23763983e-05 -3.61038532e-05 -1.43574771e-04
  1.31847071e-04 -1.28867377e-05 -2.23737199e-04 -4.29806876e-04
  2.24561879e-04 -6.63996226e-05 -2.50821803e-05  3.41055624e-04
 -1.90221601e-05 -5.28921031e-04  3.44906570e-04  3.13981175e-04
 -2.30918749e-05 -1.42071339e-04  1.56146890e-04 -2.51485849e-04
 -2.51485848e-04  2.47741741e-04 -3.91517291e-04  1.02733309e-04
 -9.98897487e-05  2.71063591e-04 -1.27312968e-04 -2.73590721e-04
  9.48406577e-05 -5.36328762e-04  1.37690585e-04  2.03821528e-04
  1.47598804e-04  3.91308279e-04 -4.93604638e-04  8.44105584e-05
  6.61033939e-05 -5.68916057e-04  3.69339576e-04  2.43481704e-04
  1.01613473e-04  1.91156254e-04 -2.65991938e-04 -2.94309577e-04
  3.53517437e-04 -1.79907901e-04  9.27237297e-05  1.49970782e-04
 -4.50942216e-04  3.55071665e-04  3.07711735e-04  2.05200705e-04
 -4.00117371e-04  1.74451198e-04 -1.71541287e-04 -1.62773229e-05
  2.43481704e-04  1.21094795e-04  2.40343941e-04  2.00404341e-04
  2.13097408e-04  7.24178436e-05  1.14298210e-04 -5.57657582e-05
  1.32899085e-04  1.90543590e-04  1.49759673e-04 -6.62900310e-05
  3.09314465e-04  1.73683701e-04 -4.84959046e-04  7.65955208e-05
 -1.25377600e-04  3.44350719e-04 -5.71664353e-04 -3.61665742e-04
  1.45271954e-04  1.41602488e-04  6.61082667e-05  1.04999390e-04
 -4.93603813e-04  6.49176570e-05  1.68338953e-04 -1.96026056e-04
  1.70856672e-05 -2.23415406e-05  9.38372525e-05 -1.43750413e-04
 -9.14756675e-05  2.00900413e-04 -5.50365022e-04 -2.59130088e-04
 -1.62279248e-04 -4.17342039e-04  1.81557721e-05  1.50407255e-04
  2.12735848e-04 -1.72244779e-04  1.94934344e-04  2.64749878e-04
 -5.89509396e-05  3.01093677e-04  2.97569462e-04  3.54723806e-04
  2.39369352e-04 -1.01108084e-04 -5.82297233e-05 -9.13183930e-05
  8.82612173e-05  2.72416684e-05  8.07613452e-05  3.15001462e-04
  7.02421558e-06 -3.78540663e-05 -3.36832990e-04  1.32533443e-04
  1.50955736e-04  3.56265114e-04 -1.54236114e-05 -6.96888213e-05
  1.34565392e-04 -4.46178868e-04  5.58050937e-05  2.64173006e-04
  2.70819024e-04  2.14393356e-04  1.22647123e-04 -3.06095513e-05
  3.05732950e-04  6.25861088e-05 -1.97314493e-04 -3.50915840e-04
 -5.93031799e-05  6.77040042e-05  1.50332965e-04  3.48637535e-04
  2.65915831e-04 -1.08370150e-04  3.40123058e-04  2.16614849e-04
  3.41812992e-04  1.71149892e-04  2.19950388e-04  3.07263437e-04
  2.24786643e-04  1.97468829e-04 -1.09962715e-04  7.96211917e-05
  2.13262980e-04 -5.01235849e-04 -6.93284227e-05  2.30773275e-04
 -1.09695719e-04 -1.39125973e-04 -1.02255767e-04 -2.19791825e-04
  2.26650677e-04 -1.20546206e-04 -4.65925339e-05  3.50896863e-04
 -1.28202958e-05 -1.04205160e-04  5.50691095e-05 -1.35404012e-04
  5.03693036e-05 -6.54601327e-05 -1.01611746e-04 -2.34016068e-05
 -7.28919920e-05  2.24886161e-04  1.30206144e-04  3.39452076e-04
 -5.15977838e-04 -3.92510164e-04  3.40238053e-05  1.57523475e-04
 -4.52488394e-04  8.27620679e-05  2.75320476e-04  9.05897528e-05
  5.82729850e-05  2.22956473e-04 -1.08372715e-04  1.81771389e-04
  3.05014481e-04  2.26915344e-04 -2.22386837e-06  3.52824407e-04
 -4.20685844e-05 -1.00269207e-04 -4.13036566e-04  6.07743635e-05
 -2.76710357e-04  1.75361326e-04 -1.28327438e-04 -5.02325015e-05
 -4.53459301e-05  1.14815628e-02  6.08748558e-05  1.07015388e-04
 -1.46895977e-04 -3.15916242e-05  3.06847412e-02 -1.67581587e-04
 -9.74612124e-06  9.13972449e-06 -4.12862010e-05 -5.33692915e-04
 -9.12556486e-05 -1.97554103e-04 -1.97554661e-04  9.81529959e-05
 -1.27435215e-04  7.05456397e-05 -6.51448769e-05 -1.36097558e-04
 -2.67970291e-04  2.69099392e-02 -1.29779207e-04  2.83120781e-04
 -3.49565477e-04 -2.21681324e-05 -4.89166895e-05  9.20688710e-03
  1.12703030e-06  2.73833982e-05  2.52532569e-04 -3.36096924e-04
 -6.20961494e-05  1.12978857e-04 -1.86528706e-04  9.25615843e-04
 -4.92652164e-04 -6.17165842e-05 -1.47574462e-04 -3.45272493e-04
 -1.23232449e-04 -1.59817759e-04 -3.10814043e-04 -7.43380674e-05
 -4.23184415e-04 -4.11469107e-04  1.07971492e-04  3.11067852e-02
 -6.55973562e-05  6.76584789e-03 -1.42567441e-04 -5.21416876e-04
 -5.63821494e-05 -8.96209811e-05  1.19842105e-04  2.82493756e-04
 -5.06557700e-04 -5.92537990e-04  1.52539902e-04  2.98436552e-03
 -5.18268165e-04  2.25251505e-03  2.96460623e-04  2.84053565e-04
 -2.05106031e-05  1.36179618e-04  1.49273081e-04 -1.08932115e-04
 -2.41637162e-05 -8.14133995e-05  1.54917815e-04 -4.32197722e-04
  2.12428072e-05  3.69116345e-04  2.52521892e-04 -2.20859000e-04
 -4.39186413e-05 -3.61574169e-05  6.20039933e-05 -3.29376629e-04
 -4.08772527e-04  3.44556500e-04 -1.47587312e-04  1.78002318e-04
 -3.24573361e-04 -2.61162438e-04 -1.07673766e-04 -7.01868421e-06
  1.21872820e-04  1.36381414e-04 -9.06568256e-05  9.85750163e-05
 -3.37446566e-05  3.60562003e-04 -9.14161111e-05  1.40293599e-04
  2.05200705e-04 -1.37041085e-04  2.79534262e-04  2.55397204e-04
  4.63299973e-05 -2.14314281e-05  1.86362843e-04 -4.27989490e-04
 -2.52462430e-04  3.45257240e-04  3.29291330e-04  6.46611551e-05
  2.62700378e-04  1.68461202e-04  2.87434360e-04 -6.57740590e-05
  2.11898978e-04  1.65932617e-04  3.51435950e-04  2.61611344e-04
  4.77373513e-05  1.72974649e-04  2.05374848e-04 -5.10427761e-05
  2.27127197e-04  2.07713521e-04  3.50301183e-04 -8.52525729e-05
 -2.01668380e-04 -1.47563549e-04 -5.99689005e-05  2.12693738e-04
  3.58606031e-04  1.90549141e-04  1.56466994e-04 -1.07143135e-04
 -9.14770186e-05  1.13908860e-04 -6.91233271e-05 -1.04378820e-04
 -3.81201878e-04  2.12735870e-04  1.47439081e-04  2.31858759e-05
 -1.21777518e-04 -1.11745636e-04 -8.27917956e-05  3.01124720e-04
  4.63300195e-05  1.03394026e-04  5.69094775e-05  1.02915329e-04
 -5.96349974e-05  4.86720764e-05  1.84061566e-05  1.75296440e-04
  5.74535575e-05  1.01888973e-04  3.05281416e-04 -4.50942044e-04
  1.40293599e-04 -5.73027575e-04  2.22609103e-04  2.12693739e-04
 -7.30275967e-05 -6.20759354e-05 -5.83237614e-05 -1.03925476e-05
  1.98938932e-04  1.14512220e-04  3.31032189e-04 -2.48909020e-06
 -1.49484665e-05 -1.18101411e-04 -9.13062158e-05 -2.26588739e-05
 -1.51850524e-04  8.14416958e-05  7.31927170e-05  5.07779632e-05
  1.34956519e-04 -6.48979891e-05 -6.33347981e-05  2.10012078e-04
  3.45257708e-04  1.03394041e-04 -2.49928825e-05  2.12407321e-05
 -2.02510180e-04 -8.45442786e-05  3.20481151e-04 -1.09963189e-04
 -3.36134734e-04  4.77462109e-05 -2.25486397e-05  2.24787108e-04
 -4.35923942e-04 -8.19312911e-05  1.99976706e-04 -4.21526968e-05
 -3.88434709e-04  5.52056478e-05 -6.56840350e-05  1.98935789e-04
 -1.00226453e-04 -5.15783932e-04  8.44347872e-05  1.99798291e-04
 -9.01360526e-05  9.35595792e-05  1.94682320e-06  1.86931598e-04
  3.50287551e-04  3.56078641e-04  1.05203081e-04  2.37968771e-04
  2.16614719e-04 -4.89263799e-04  3.59884191e-04 -7.52439389e-05
  2.14669687e-04 -2.76322539e-04  6.05610697e-05  1.14298199e-04
  6.92127048e-05  6.89123979e-07  2.34832754e-05  6.76115543e-05
  4.43678851e-05 -9.01354958e-05 -8.51519884e-05  1.87049427e-04
  1.37476355e-04  2.13979409e-04  3.55731137e-04  2.11837325e-05
 -4.53087401e-05 -4.59186559e-05  2.69917788e-04  2.71063823e-04
  5.66631126e-05  1.41885342e-04 -3.17338804e-05 -3.81530786e-04
 -2.10380925e-04 -8.20700023e-05 -6.87320673e-05 -6.33181636e-05
 -1.81679216e-04  7.93636708e-06  1.30795869e-05  3.05632166e-04
 -6.90458085e-05  2.08372822e-04 -2.71421958e-04  3.43694941e-04
 -4.26743070e-04  7.83198998e-08  2.26813492e-05 -6.80192151e-05
 -1.08527579e-04  1.87916794e-04 -1.90248875e-04  1.23080556e-04
 -5.51065111e-04 -7.83087119e-05  3.06457880e-04  1.13895319e-04
  6.05653384e-05  2.26303232e-04 -9.14161118e-05 -5.35620922e-04
  8.77933295e-05 -3.45080828e-05  1.58939094e-04  1.68340032e-04
  1.28709612e-04  3.32555843e-04  1.31224425e-04 -1.57629067e-05
  8.07578125e-05  2.04943186e-04  2.25333102e-04 -1.22149955e-04
  3.42595244e-04  1.75610684e-04 -3.78164158e-05  1.53578507e-04
 -1.74022388e-04  3.07139327e-04  2.00874336e-04  1.58939100e-04
 -6.52399934e-05 -7.34682769e-05  2.66232459e-05  3.46652903e-04
 -4.34539330e-04  8.77933318e-05  2.46951262e-04  2.51421661e-04
 -2.26666841e-05 -2.16815930e-04 -6.34992800e-05 -2.04686485e-04
 -2.75270382e-04 -7.28771606e-05 -5.37947140e-04  7.80193598e-05
  7.42563918e-05 -6.28493553e-05 -2.67578468e-05]
