0 0
1 0
0 0
0 0
0 0
0 0
6 2
0 0
0 0
0 0
0 0
11 3
0 0
0 0
0 0
0 0
16 0
0 0
0 0
0 0
0 0
21 3
0 0
0 0
0 0
0 0
26 11
0 0
0 0
0 0
0 0
31 18
0 0
0 0
0 0
0 0
36 24
0 0
0 0
0 0
0 0
41 10
0 0
0 0
0 0
0 0
46 22
0 0
0 0
0 0
0 0
51 27
0 0
0 0
0 0
0 0
56 26
0 0
0 0
0 0
0 0
61 16
0 0
0 0
0 0
0 0
66 21
0 0
0 0
0 0
0 0
71 9
0 0
0 0
0 0
0 0
76 10
0 0
0 0
0 0
0 0
81 23
0 0
0 0
0 0
0 0
86 8
0 0
0 0
0 0
0 0
91 10
0 0
0 0
0 0
0 0
96 26
0 0
0 0
0 0
0 0
101 24
0 0
0 0
0 0
0 0
106 15
0 0
0 0
0 0
0 0
111 15
0 0
0 0
0 0
0 0
116 22
0 0
0 0
0 0
0 0
121 14
0 0
0 0
0 0
0 0
126 17
0 0
0 0
0 0
0 0
131 12
0 0
0 0
0 0
0 0
136 9
0 0
0 0
0 0
0 0
141 9
0 0
0 0
0 0
0 0
146 11
0 0
0 0
0 0
0 0
151 9
0 0
0 0
0 0
0 0
156 7
0 0
0 0
0 0
0 0
161 11
0 0
0 0
0 0
0 0
166 7
0 0
0 0
0 0
0 0
171 10
0 0
0 0
0 0
0 0
176 10
0 0
0 0
0 0
0 0
181 7
0 0
0 0
0 0
0 0
186 11
0 0
0 0
0 0
0 0
191 9
0 0
0 0
0 0
0 0
196 4
0 0
0 0
0 0
0 0
201 8
0 0
0 0
0 0
0 0
206 8
0 0
0 0
0 0
0 0
211 5
0 0
0 0
0 0
0 0
216 11
0 0
0 0
0 0
0 0
221 9
0 0
0 0
0 0
0 0
226 10
0 0
0 0
0 0
0 0
231 4
0 0
0 0
0 0
0 0
236 4
0 0
0 0
0 0
0 0
241 13
0 0
0 0
0 0
0 0
246 12
0 0
0 0
0 0
0 0
251 7
0 0
0 0
0 0
0 0
256 6
0 0
0 0
0 0
0 0
261 4
0 0
0 0
0 0
0 0
266 6
0 0
0 0
0 0
0 0
271 8
0 0
0 0
0 0
0 0
276 16
0 0
0 0
0 0
0 0
281 13
0 0
0 0
0 0
0 0
286 28
0 0
0 0
0 0
0 0
291 27
0 0
0 0
0 0
0 0
296 14
0 0
0 0
0 0
0 0
301 27
0 0
0 0
0 0
0 0
306 24
0 0
0 0
0 0
0 0
311 20
0 0
0 0
0 0
0 0
316 22
0 0
0 0
0 0
0 0
321 20
0 0
0 0
0 0
0 0
326 18
0 0
0 0
0 0
0 0
331 22
0 0
0 0
0 0
0 0
336 19
0 0
0 0
0 0
0 0
341 20
0 0
0 0
0 0
0 0
346 13
0 0
0 0
0 0
0 0
351 10
0 0
0 0
0 0
0 0
356 9
0 0
0 0
0 0
0 0
361 8
0 0
0 0
0 0
0 0
366 8
0 0
0 0
0 0
0 0
371 23
0 0
0 0
0 0
0 0
376 14
0 0
0 0
0 0
0 0
381 14
0 0
0 0
0 0
0 0
386 6
0 0
0 0
0 0
0 0
391 11
0 0
0 0
0 0
0 0
396 16
0 0
0 0
0 0
0 0
401 12
0 0
0 0
0 0
0 0
406 24
0 0
0 0
0 0
0 0
411 29
0 0
0 0
0 0
0 0
416 15
0 0
0 0
0 0
0 0
421 11
0 0
0 0
0 0
0 0
426 11
0 0
0 0
0 0
0 0
431 14
0 0
0 0
0 0
0 0
436 24
0 0
0 0
0 0
0 0
441 21
0 0
0 0
0 0
0 0
446 20
0 0
0 0
0 0
0 0
451 24
0 0
0 0
0 0
0 0
456 15
0 0
0 0
0 0
0 0
461 18
0 0
0 0
0 0
0 0
466 13
0 0
0 0
0 0
0 0
471 19
0 0
0 0
0 0
0 0
476 34
0 0
0 0
0 0
0 0
481 23
0 0
0 0
0 0
0 0
486 26
0 0
0 0
0 0
0 0
491 19
0 0
0 0
0 0
0 0
496 22
0 0
0 0
0 0
0 0
501 15
0 0
0 0
0 0
0 0
506 20
0 0
0 0
0 0
0 0
511 13
0 0
0 0
0 0
0 0
516 16
0 0
0 0
0 0
0 0
521 16
0 0
0 0
0 0
0 0
526 25
0 0
0 0
0 0
0 0
531 15
0 0
0 0
0 0
0 0
536 6
0 0
0 0
0 0
0 0
541 38
0 0
0 0
0 0
0 0
546 21
0 0
0 0
0 0
0 0
551 11
0 0
0 0
0 0
0 0
556 25
0 0
0 0
0 0
0 0
561 26
0 0
0 0
0 0
0 0
566 33
0 0
0 0
0 0
0 0
571 21
0 0
0 0
0 0
0 0
576 10
0 0
0 0
0 0
0 0
581 24
0 0
0 0
0 0
0 0
586 29
0 0
0 0
0 0
0 0
591 29
0 0
0 0
0 0
0 0
596 21
0 0
0 0
0 0
0 0
601 31
0 0
0 0
0 0
0 0
606 18
0 0
0 0
0 0
0 0
611 26
0 0
0 0
0 0
0 0
616 29
0 0
0 0
0 0
0 0
621 24
0 0
0 0
0 0
0 0
626 18
0 0
0 0
0 0
0 0
631 20
0 0
0 0
0 0
0 0
636 22
0 0
0 0
0 0
0 0
641 20
0 0
0 0
0 0
0 0
646 26
0 0
0 0
0 0
0 0
651 25
0 0
0 0
0 0
0 0
656 22
0 0
0 0
0 0
0 0
661 25
0 0
0 0
0 0
0 0
666 32
0 0
0 0
0 0
0 0
671 29
0 0
0 0
0 0
0 0
676 26
0 0
0 0
0 0
0 0
681 25
0 0
0 0
0 0
0 0
686 30
0 0
0 0
0 0
0 0
691 22
0 0
0 0
0 0
0 0
696 27
0 0
0 0
0 0
0 0
701 20
0 0
0 0
0 0
0 0
706 23
0 0
0 0
0 0
0 0
711 26
0 0
0 0
0 0
0 0
716 23
0 0
0 0
0 0
0 0
721 27
0 0
0 0
0 0
0 0
726 25
0 0
0 0
0 0
0 0
731 18
0 0
0 0
0 0
0 0
736 21
0 0
0 0
0 0
0 0
741 26
0 0
0 0
0 0
0 0
746 20
0 0
0 0
0 0
0 0
751 19
0 0
0 0
0 0
0 0
756 15
0 0
0 0
0 0
0 0
761 16
0 0
0 0
0 0
0 0
766 16
0 0
0 0
0 0
0 0
771 15
0 0
0 0
0 0
0 0
776 20
0 0
0 0
0 0
0 0
781 8
0 0
0 0
0 0
0 0
786 15
0 0
0 0
0 0
0 0
791 22
0 0
0 0
0 0
0 0
796 9
0 0
0 0
0 0
0 0
801 12
0 0
0 0
0 0
0 0
806 7
0 0
0 0
0 0
0 0
811 10
0 0
0 0
0 0
0 0
816 15
0 0
0 0
0 0
0 0
821 20
0 0
0 0
0 0
0 0
826 26
0 0
0 0
0 0
0 0
831 25
0 0
0 0
0 0
0 0
836 18
0 0
0 0
0 0
0 0
841 22
0 0
0 0
0 0
0 0
846 22
0 0
0 0
0 0
0 0
851 31
0 0
0 0
0 0
0 0
856 16
0 0
0 0
0 0
0 0
861 8
0 0
0 0
0 0
0 0
866 18
0 0
0 0
0 0
0 0
871 25
0 0
0 0
0 0
0 0
876 22
0 0
0 0
0 0
0 0
881 8
0 0
0 0
0 0
0 0
886 11
0 0
0 0
0 0
0 0
891 21
0 0
0 0
0 0
0 0
896 29
0 0
0 0
0 0
0 0
901 21
0 0
0 0
0 0
0 0
906 15
0 0
0 0
0 0
0 0
911 14
0 0
0 0
0 0
0 0
916 15
0 0
0 0
0 0
0 0
921 12
0 0
0 0
0 0
0 0
926 20
0 0
0 0
0 0
0 0
931 20
0 0
0 0
0 0
0 0
936 17
0 0
0 0
0 0
0 0
941 36
0 0
0 0
0 0
0 0
946 24
0 0
0 0
0 0
0 0
951 24
0 0
0 0
0 0
0 0
956 25
0 0
0 0
0 0
0 0
961 26
0 0
0 0
0 0
0 0
966 21
0 0
0 0
0 0
0 0
971 21
0 0
0 0
0 0
0 0
976 15
0 0
0 0
0 0
0 0
981 5
0 0
0 0
0 0
0 0
986 3
0 0
0 0
0 0
0 0
991 2
0 0
0 0
0 0
0 0
996 25
0 0
0 0
0 0
0 0
1001 23
0 0
0 0
0 0
0 0
1006 30
0 0
0 0
0 0
0 0
1011 24
0 0
0 0
0 0
0 0
1016 13
0 0
0 0
0 0
0 0
1021 18
0 0
0 0
0 0
0 0
1026 16
0 0
0 0
0 0
0 0
1031 12
0 0
0 0
0 0
0 0
1036 24
0 0
0 0
0 0
0 0
1041 34
0 0
0 0
0 0
0 0
1046 21
0 0
0 0
0 0
0 0
1051 21
0 0
0 0
0 0
0 0
1056 21
0 0
0 0
0 0
0 0
1061 21
0 0
0 0
0 0
0 0
1066 29
0 0
0 0
0 0
0 0
1071 16
0 0
0 0
0 0
0 0
1076 16
0 0
0 0
0 0
0 0
1081 15
0 0
0 0
0 0
0 0
1086 11
0 0
0 0
0 0
0 0
1091 10
0 0
0 0
0 0
0 0
1096 15
0 0
0 0
0 0
0 0
1101 5
0 0
0 0
0 0
0 0
1106 7
0 0
0 0
0 0
0 0
1111 7
0 0
0 0
0 0
0 0
1116 10
0 0
0 0
0 0
0 0
1121 6
0 0
0 0
0 0
0 0
1126 5
0 0
0 0
0 0
0 0
1131 16
0 0
0 0
0 0
0 0
1136 16
0 0
0 0
0 0
0 0
1141 17
0 0
0 0
0 0
0 0
1146 7
0 0
0 0
0 0
0 0
1151 9
0 0
0 0
0 0
0 0
1156 7
0 0
0 0
0 0
0 0
1161 6
0 0
0 0
0 0
0 0
1166 9
0 0
0 0
0 0
0 0
1171 7
0 0
0 0
0 0
0 0
1176 11
0 0
0 0
0 0
0 0
1181 14
0 0
0 0
0 0
0 0
1186 11
0 0
0 0
0 0
0 0
1191 11
0 0
0 0
0 0
0 0
1196 24
0 0
0 0
0 0
0 0
1201 14
0 0
0 0
0 0
0 0
1206 17
0 0
0 0
0 0
0 0
1211 11
0 0
0 0
0 0
0 0
1216 8
0 0
0 0
0 0
0 0
1221 9
0 0
0 0
0 0
0 0
1226 13
0 0
0 0
0 0
0 0
1231 11
0 0
0 0
0 0
0 0
1236 5
0 0
0 0
0 0
0 0
1241 8
0 0
0 0
0 0
0 0
1246 8
0 0
0 0
0 0
0 0
1251 5
0 0
0 0
0 0
0 0
1256 7
0 0
0 0
0 0
0 0
1261 5
0 0
0 0
0 0
0 0
1266 7
0 0
0 0
0 0
0 0
1271 3
0 0
0 0
0 0
0 0
1276 16
0 0
0 0
0 0
0 0
1281 9
0 0
0 0
0 0
0 0
1286 5
0 0
0 0
0 0
0 0
1291 6
0 0
0 0
0 0
0 0
1296 5
0 0
0 0
0 0
0 0
1301 4
0 0
0 0
0 0
0 0
1306 5
0 0
0 0
0 0
0 0
1311 6
0 0
0 0
0 0
0 0
1316 5
0 0
0 0
0 0
0 0
1321 5
0 0
0 0
0 0
0 0
1326 4
0 0
0 0
0 0
0 0
1331 3
0 0
0 0
0 0
0 0
1336 6
0 0
0 0
0 0
0 0
1341 3
0 0
0 0
0 0
0 0
1346 6
0 0
0 0
0 0
0 0
1351 0
0 0
0 0
0 0
0 0
1356 1
0 0
0 0
0 0
0 0
1361 4
0 0
0 0
0 0
0 0
1366 4
0 0
0 0
0 0
0 0
1371 3
0 0
0 0
0 0
0 0
1376 2
0 0
0 0
0 0
0 0
1381 0
0 0
0 0
0 0
0 0
1386 7
0 0
0 0
0 0
0 0
1391 1
0 0
0 0
0 0
0 0
1396 5
0 0
0 0
0 0
0 0
1401 2
0 0
0 0
0 0
0 0
1406 3
0 0
0 0
0 0
0 0
1411 4
0 0
0 0
0 0
0 0
1416 9
0 0
0 0
0 0
0 0
1421 11
0 0
0 0
0 0
0 0
1426 2
0 0
0 0
0 0
0 0
1431 11
0 0
0 0
0 0
0 0
1436 9
0 0
0 0
0 0
0 0
1441 2
0 0
0 0
0 0
0 0
1446 7
0 0
0 0
0 0
0 0
1451 3
0 0
0 0
0 0
0 0
1456 3
0 0
0 0
0 0
0 0
1461 1
0 0
0 0
0 0
0 0
1466 3
0 0
0 0
0 0
0 0
1471 3
0 0
0 0
0 0
0 0
1476 5
0 0
0 0
0 0
0 0
1481 4
0 0
0 0
0 0
0 0
1486 6
0 0
0 0
0 0
0 0
1491 10
0 0
0 0
0 0
0 0
1496 5
0 0
0 0
0 0
0 0
1501 3
0 0
0 0
0 0
0 0
1506 7
0 0
0 0
0 0
0 0
1511 7
0 0
0 0
0 0
0 0
1516 3
0 0
0 0
0 0
0 0
1521 9
0 0
0 0
0 0
0 0
1526 3
0 0
0 0
0 0
0 0
1531 4
0 0
0 0
0 0
0 0
1536 5
0 0
0 0
0 0
0 0
1541 3
0 0
0 0
0 0
0 0
1546 3
0 0
0 0
0 0
0 0
1551 5
0 0
0 0
0 0
0 0
1556 6
0 0
0 0
0 0
0 0
1561 10
0 0
0 0
0 0
0 0
1566 10
0 0
0 0
0 0
0 0
1571 3
0 0
0 0
0 0
0 0
1576 10
0 0
0 0
0 0
0 0
1581 10
0 0
0 0
0 0
0 0
1586 10
0 0
0 0
0 0
0 0
1591 8
0 0
0 0
0 0
0 0
1596 10
0 0
0 0
0 0
0 0
1601 8
0 0
0 0
0 0
0 0
1606 13
0 0
0 0
0 0
0 0
1611 5
0 0
0 0
0 0
0 0
1616 10
0 0
0 0
0 0
0 0
1621 13
0 0
0 0
0 0
0 0
1626 8
0 0
0 0
0 0
0 0
1631 17
0 0
0 0
0 0
0 0
1636 18
0 0
0 0
0 0
0 0
1641 22
0 0
0 0
0 0
0 0
1646 9
0 0
0 0
0 0
0 0
1651 8
0 0
0 0
0 0
0 0
1656 2
0 0
0 0
0 0
0 0
1661 10
0 0
0 0
0 0
0 0
1666 11
0 0
0 0
0 0
0 0
1671 3
0 0
0 0
0 0
0 0
1676 13
0 0
0 0
0 0
0 0
1681 8
0 0
0 0
0 0
0 0
1686 8
0 0
0 0
0 0
0 0
1691 6
0 0
0 0
0 0
0 0
1696 4
0 0
0 0
0 0
0 0
1701 6
0 0
0 0
0 0
0 0
1706 3
0 0
0 0
0 0
0 0
1711 4
0 0
0 0
0 0
0 0
1716 4
0 0
0 0
0 0
0 0
1721 8
0 0
0 0
0 0
0 0
1726 7
0 0
0 0
0 0
0 0
1731 2
0 0
0 0
0 0
0 0
1736 2
0 0
0 0
0 0
0 0
1741 2
0 0
0 0
0 0
0 0
1746 5
0 0
0 0
0 0
0 0
1751 4
0 0
0 0
0 0
0 0
1756 2
0 0
0 0
0 0
0 0
1761 3
0 0
0 0
0 0
0 0
1766 3
0 0
0 0
0 0
0 0
1771 4
0 0
0 0
0 0
0 0
1776 9
0 0
0 0
0 0
0 0
1781 4
0 0
0 0
0 0
0 0
1786 13
0 0
0 0
0 0
0 0
1791 8
0 0
0 0
0 0
0 0
1796 3
0 0
0 0
0 0
0 0
1801 5
0 0
0 0
0 0
0 0
1806 4
0 0
0 0
0 0
0 0
1811 3
0 0
0 0
0 0
0 0
1816 3
0 0
0 0
0 0
0 0
1821 4
0 0
0 0
0 0
0 0
1826 3
0 0
0 0
0 0
0 0
1831 7
0 0
0 0
0 0
0 0
1836 4
0 0
0 0
0 0
0 0
1841 4
0 0
0 0
0 0
0 0
1846 3
0 0
0 0
0 0
0 0
1851 2
0 0
0 0
0 0
0 0
1856 10
0 0
0 0
0 0
0 0
1861 3
0 0
0 0
0 0
0 0
1866 1
0 0
0 0
0 0
0 0
1871 2
0 0
0 0
0 0
0 0
1876 3
0 0
0 0
0 0
0 0
1881 5
0 0
0 0
0 0
0 0
1886 4
0 0
0 0
0 0
0 0
1891 7
0 0
0 0
0 0
0 0
1896 9
0 0
0 0
0 0
0 0
1901 9
0 0
0 0
0 0
0 0
1906 10
0 0
0 0
0 0
0 0
1911 7
0 0
0 0
0 0
0 0
1916 25
0 0
0 0
0 0
0 0
1921 23
0 0
0 0
0 0
0 0
1926 9
0 0
0 0
0 0
0 0
1931 16
0 0
0 0
0 0
0 0
1936 25
0 0
0 0
0 0
0 0
1941 20
0 0
0 0
0 0
0 0
1946 31
0 0
0 0
0 0
0 0
1951 12
0 0
0 0
0 0
0 0
1956 7
0 0
0 0
0 0
0 0
1961 17
0 0
0 0
0 0
0 0
1966 4
0 0
0 0
0 0
0 0
1971 8
0 0
0 0
0 0
0 0
1976 2
0 0
0 0
0 0
0 0
1981 8
0 0
0 0
0 0
0 0
1986 0
0 0
0 0
0 0
0 0
1991 9
0 0
0 0
0 0
0 0
1996 10
0 0
0 0
0 0
0 0
2001 8
0 0
0 0
0 0
0 0
2006 12
0 0
0 0
0 0
0 0
2011 12
0 0
0 0
0 0
0 0
2016 6
0 0
0 0
0 0
0 0
2021 9
0 0
0 0
0 0
0 0
2026 8
0 0
0 0
0 0
0 0
2031 3
0 0
0 0
0 0
0 0
2036 7
0 0
0 0
0 0
0 0
2041 7
0 0
0 0
0 0
0 0
2046 5
0 0
0 0
0 0
0 0
2051 10
0 0
0 0
0 0
0 0
2056 6
0 0
0 0
0 0
0 0
2061 5
0 0
0 0
0 0
0 0
2066 3
0 0
0 0
0 0
0 0
2071 1
0 0
0 0
0 0
0 0
2076 3
0 0
0 0
0 0
0 0
2081 2
0 0
0 0
0 0
0 0
2086 4
0 0
0 0
0 0
0 0
2091 3
0 0
0 0
0 0
0 0
2096 4
0 0
0 0
0 0
0 0
2101 1
0 0
0 0
0 0
0 0
2106 3
0 0
0 0
0 0
0 0
2111 5
0 0
0 0
0 0
0 0
2116 5
0 0
0 0
0 0
0 0
2121 1
0 0
0 0
0 0
0 0
2126 4
0 0
0 0
0 0
0 0
2131 1
0 0
0 0
0 0
0 0
2136 3
0 0
0 0
0 0
0 0
2141 2
0 0
0 0
0 0
0 0
2146 2
0 0
0 0
0 0
0 0
2151 2
0 0
0 0
0 0
0 0
2156 4
0 0
0 0
0 0
0 0
2161 6
0 0
0 0
0 0
0 0
2166 6
0 0
0 0
0 0
0 0
2171 3
0 0
0 0
0 0
0 0
2176 7
0 0
0 0
0 0
0 0
2181 4
0 0
0 0
0 0
0 0
2186 4
0 0
0 0
0 0
0 0
2191 6
0 0
0 0
0 0
0 0
2196 9
0 0
0 0
0 0
0 0
2201 3
0 0
0 0
0 0
0 0
2206 4
0 0
0 0
0 0
0 0
2211 5
0 0
0 0
0 0
0 0
2216 2
0 0
0 0
0 0
0 0
2221 4
0 0
0 0
0 0
0 0
2226 5
0 0
0 0
0 0
0 0
2231 0
0 0
0 0
0 0
0 0
2236 1
0 0
0 0
0 0
0 0
2241 1
0 0
0 0
0 0
0 0
2246 1
0 0
0 0
0 0
0 0
2251 3
0 0
0 0
0 0
0 0
2256 1
0 0
0 0
0 0
0 0
2261 1
0 0
0 0
0 0
0 0
2266 1
0 0
0 0
0 0
0 0
2271 0
0 0
0 0
0 0
0 0
2276 2
0 0
0 0
0 0
0 0
2281 1
0 0
0 0
0 0
0 0
2286 1
0 0
0 0
0 0
0 0
2291 3
0 0
0 0
0 0
0 0
2296 2
0 0
0 0
0 0
0 0
2301 3
0 0
0 0
0 0
0 0
2306 5
0 0
0 0
0 0
0 0
2311 9
0 0
0 0
0 0
0 0
2316 6
0 0
0 0
0 0
0 0
2321 3
0 0
0 0
0 0
0 0
2326 4
0 0
0 0
0 0
0 0
2331 4
0 0
0 0
0 0
0 0
2336 4
0 0
0 0
0 0
0 0
2341 6
0 0
0 0
0 0
0 0
2346 7
0 0
0 0
0 0
0 0
2351 11
0 0
0 0
0 0
0 0
2356 10
0 0
0 0
0 0
0 0
2361 10
0 0
0 0
0 0
0 0
2366 31
0 0
0 0
0 0
0 0
2371 31
0 0
0 0
0 0
0 0
2376 21
0 0
0 0
0 0
0 0
2381 19
0 0
0 0
0 0
0 0
2386 16
0 0
0 0
0 0
0 0
2391 10
0 0
0 0
0 0
0 0
2396 10
0 0
0 0
0 0
0 0
2401 11
0 0
0 0
0 0
0 0
2406 11
0 0
0 0
0 0
0 0
2411 9
0 0
0 0
0 0
0 0
2416 5
0 0
0 0
0 0
0 0
2421 5
0 0
0 0
0 0
0 0
2426 2
0 0
0 0
0 0
0 0
2431 5
0 0
0 0
0 0
0 0
2436 10
0 0
0 0
0 0
0 0
2441 3
0 0
0 0
0 0
0 0
2446 2
0 0
0 0
0 0
0 0
2451 5
0 0
0 0
0 0
0 0
2456 1
0 0
0 0
0 0
0 0
2461 1
0 0
0 0
0 0
0 0
2466 1
0 0
0 0
0 0
0 0
2471 0
0 0
0 0
0 0
0 0
2476 1
0 0
0 0
0 0
0 0
2481 4
0 0
0 0
0 0
0 0
2486 3
0 0
0 0
0 0
0 0
2491 3
0 0
0 0
0 0
0 0
2496 0
0 0
0 0
0 0
0 0
2501 1
0 0
0 0
0 0
0 0
2506 2
0 0
0 0
0 0
0 0
2511 4
0 0
0 0
0 0
0 0
2516 2
0 0
0 0
0 0
0 0
2521 3
0 0
0 0
0 0
0 0
2526 0
0 0
0 0
0 0
0 0
2531 3
0 0
0 0
0 0
0 0
2536 1
0 0
0 0
0 0
0 0
2541 1
0 0
0 0
0 0
0 0
2546 2
0 0
0 0
0 0
0 0
2551 2
0 0
0 0
0 0
0 0
2556 3
0 0
0 0
0 0
0 0
2561 3
0 0
0 0
0 0
0 0
2566 3
0 0
0 0
0 0
0 0
2571 8
0 0
0 0
0 0
0 0
2576 10
0 0
0 0
0 0
0 0
2581 5
0 0
0 0
0 0
0 0
2586 1
0 0
0 0
0 0
0 0
2591 4
0 0
0 0
0 0
0 0
2596 3
0 0
0 0
0 0
0 0
2601 5
0 0
0 0
0 0
0 0
2606 1
0 0
0 0
0 0
0 0
2611 7
0 0
0 0
0 0
0 0
2616 5
0 0
0 0
0 0
0 0
2621 9
0 0
0 0
0 0
0 0
2626 4
0 0
0 0
0 0
0 0
2631 6
0 0
0 0
0 0
0 0
2636 8
0 0
0 0
0 0
0 0
2641 7
0 0
0 0
0 0
0 0
2646 6
0 0
0 0
0 0
0 0
2651 4
0 0
0 0
0 0
0 0
2656 3
0 0
0 0
0 0
0 0
2661 4
0 0
0 0
0 0
0 0
2666 3
0 0
0 0
0 0
0 0
2671 1
0 0
0 0
0 0
0 0
2676 1
0 0
0 0
0 0
0 0
2681 2
0 0
0 0
0 0
0 0
2686 1
0 0
0 0
0 0
0 0
2691 1
0 0
0 0
0 0
0 0
2696 1
0 0
0 0
0 0
0 0
2701 1
0 0
0 0
0 0
0 0
2706 0
0 0
0 0
0 0
0 0
2711 0
0 0
0 0
0 0
0 0
2716 1
0 0
0 0
0 0
0 0
2721 1
0 0
0 0
0 0
0 0
2726 3
0 0
0 0
0 0
0 0
2731 3
0 0
0 0
0 0
0 0
2736 3
0 0
0 0
0 0
0 0
2741 1
0 0
0 0
0 0
0 0
2746 3
0 0
0 0
0 0
0 0
2751 2
0 0
0 0
0 0
0 0
2756 0
0 0
0 0
0 0
0 0
2761 4
0 0
0 0
0 0
0 0
2766 1
0 0
0 0
0 0
0 0
2771 2
0 0
0 0
0 0
0 0
2776 4
0 0
0 0
0 0
0 0
2781 3
0 0
0 0
0 0
0 0
2786 8
0 0
0 0
0 0
0 0
2791 4
0 0
0 0
0 0
0 0
2796 5
0 0
0 0
0 0
0 0
2801 2
0 0
0 0
0 0
0 0
2806 5
0 0
0 0
0 0
0 0
2811 4
0 0
0 0
0 0
0 0
2816 0
0 0
0 0
0 0
0 0
2821 6
0 0
0 0
0 0
0 0
2826 3
0 0
0 0
0 0
0 0
2831 3
0 0
0 0
0 0
0 0
2836 4
0 0
0 0
0 0
0 0
2841 3
0 0
0 0
0 0
0 0
2846 4
0 0
0 0
0 0
0 0
2851 9
0 0
0 0
0 0
0 0
2856 5
0 0
0 0
0 0
0 0
2861 9
0 0
0 0
0 0
0 0
2866 9
0 0
0 0
0 0
0 0
2871 8
0 0
0 0
0 0
0 0
2876 9
0 0
0 0
0 0
0 0
2881 6
0 0
0 0
0 0
0 0
2886 6
0 0
0 0
0 0
0 0
2891 7
0 0
0 0
0 0
0 0
2896 10
0 0
0 0
0 0
0 0
2901 13
0 0
0 0
0 0
0 0
2906 8
0 0
0 0
0 0
0 0
2911 13
0 0
0 0
0 0
0 0
2916 7
0 0
0 0
0 0
0 0
2921 6
0 0
0 0
0 0
0 0
2926 0
0 0
0 0
0 0
0 0
2931 4
0 0
0 0
0 0
0 0
2936 7
0 0
0 0
0 0
0 0
2941 8
0 0
0 0
0 0
0 0
2946 5
0 0
0 0
0 0
0 0
2951 2
0 0
0 0
0 0
0 0
2956 3
0 0
0 0
0 0
0 0
2961 4
0 0
0 0
0 0
0 0
2966 3
0 0
0 0
0 0
0 0
2971 1
0 0
0 0
0 0
0 0
2976 4
0 0
0 0
0 0
0 0
2981 5
0 0
0 0
0 0
0 0
2986 5
0 0
0 0
0 0
0 0
2991 3
0 0
0 0
0 0
0 0
2996 4
0 0
0 0
0 0
0 0
3001 2
0 0
0 0
0 0
0 0
3006 2
0 0
0 0
0 0
0 0
3011 2
0 0
0 0
0 0
0 0
3016 1
0 0
0 0
0 0
0 0
3021 3
0 0
0 0
0 0
0 0
3026 2
0 0
0 0
0 0
0 0
3031 2
0 0
0 0
0 0
0 0
3036 4
0 0
0 0
0 0
0 0
3041 3
0 0
0 0
0 0
0 0
3046 4
0 0
0 0
0 0
0 0
3051 2
0 0
0 0
0 0
0 0
3056 1
0 0
0 0
0 0
0 0
3061 2
0 0
0 0
0 0
0 0
3066 2
0 0
0 0
0 0
0 0
3071 3
0 0
0 0
0 0
0 0
3076 4
0 0
0 0
0 0
0 0
3081 2
0 0
0 0
0 0
0 0
3086 0
0 0
0 0
0 0
0 0
3091 2
0 0
0 0
0 0
0 0
3096 1
0 0
0 0
0 0
0 0
3101 3
0 0
0 0
0 0
0 0
3106 3
0 0
0 0
0 0
0 0
3111 1
0 0
0 0
0 0
0 0
3116 2
0 0
0 0
0 0
0 0
3121 4
0 0
0 0
0 0
0 0
3126 2
0 0
0 0
0 0
0 0
3131 2
0 0
0 0
0 0
0 0
3136 2
0 0
0 0
0 0
0 0
3141 1
0 0
0 0
0 0
0 0
3146 2
0 0
0 0
0 0
0 0
3151 3
0 0
0 0
0 0
0 0
3156 1
0 0
0 0
0 0
0 0
3161 1
0 0
0 0
0 0
0 0
3166 3
0 0
0 0
0 0
0 0
3171 2
0 0
0 0
0 0
0 0
3176 2
0 0
0 0
0 0
0 0
3181 3
0 0
0 0
0 0
0 0
3186 4
0 0
0 0
0 0
0 0
3191 3
0 0
0 0
0 0
0 0
3196 1
0 0
0 0
0 0
0 0
3201 1
0 0
0 0
0 0
0 0
3206 2
0 0
0 0
0 0
0 0
3211 3
0 0
0 0
0 0
0 0
3216 4
0 0
0 0
0 0
0 0
3221 4
0 0
0 0
0 0
0 0
3226 5
0 0
0 0
0 0
0 0
3231 4
0 0
0 0
0 0
0 0
3236 5
0 0
0 0
0 0
0 0
3241 3
0 0
0 0
0 0
0 0
3246 2
0 0
0 0
0 0
0 0
3251 4
0 0
0 0
0 0
0 0
3256 4
0 0
0 0
0 0
0 0
3261 3
0 0
0 0
0 0
0 0
3266 1
0 0
0 0
0 0
0 0
3271 1
0 0
0 0
0 0
0 0
3276 0
0 0
0 0
0 0
0 0
3281 3
0 0
0 0
0 0
0 0
3286 5
0 0
0 0
0 0
0 0
3291 4
0 0
0 0
0 0
0 0
3296 4
0 0
0 0
0 0
0 0
3301 4
0 0
0 0
0 0
0 0
3306 3
0 0
0 0
0 0
0 0
3311 4
0 0
0 0
0 0
0 0
3316 2
0 0
0 0
0 0
0 0
3321 3
0 0
0 0
0 0
0 0
3326 2
0 0
0 0
0 0
0 0
3331 2
0 0
0 0
0 0
0 0
3336 2
0 0
0 0
0 0
0 0
3341 0
0 0
0 0
0 0
0 0
3346 0
0 0
0 0
0 0
0 0
3351 3
0 0
0 0
0 0
0 0
3356 1
0 0
0 0
0 0
0 0
3361 1
0 0
0 0
0 0
0 0
3366 2
0 0
0 0
0 0
0 0
3371 3
0 0
0 0
0 0
0 0
3376 3
0 0
0 0
0 0
0 0
3381 2
0 0
0 0
0 0
0 0
3386 3
0 0
0 0
0 0
0 0
3391 3
0 0
0 0
0 0
0 0
3396 4
0 0
0 0
0 0
0 0
3401 1
0 0
0 0
0 0
0 0
3406 2
0 0
0 0
0 0
0 0
3411 1
0 0
0 0
0 0
0 0
3416 6
0 0
0 0
0 0
0 0
3421 4
0 0
0 0
0 0
0 0
3426 2
0 0
0 0
0 0
0 0
3431 5
0 0
0 0
0 0
0 0
3436 3
0 0
0 0
0 0
0 0
3441 3
0 0
0 0
0 0
0 0
3446 1
0 0
0 0
0 0
0 0
3451 4
0 0
0 0
0 0
0 0
3456 1
0 0
0 0
0 0
0 0
3461 2
0 0
0 0
0 0
0 0
3466 5
0 0
0 0
0 0
0 0
3471 5
0 0
0 0
0 0
0 0
3476 1
0 0
0 0
0 0
0 0
3481 2
0 0
0 0
0 0
0 0
3486 2
0 0
0 0
0 0
0 0
3491 1
0 0
0 0
0 0
0 0
3496 3
0 0
0 0
0 0
0 0
3501 3
0 0
0 0
0 0
0 0
3506 1
0 0
0 0
0 0
0 0
3511 3
0 0
0 0
0 0
0 0
3516 6
0 0
0 0
0 0
0 0
3521 5
0 0
0 0
0 0
0 0
3526 7
0 0
0 0
0 0
0 0
3531 7
0 0
0 0
0 0
0 0
3536 7
0 0
0 0
0 0
0 0
3541 5
0 0
0 0
0 0
0 0
3546 9
0 0
0 0
0 0
0 0
3551 11
0 0
0 0
0 0
0 0
3556 2
0 0
0 0
0 0
0 0
3561 1
0 0
0 0
0 0
0 0
3566 2
0 0
0 0
0 0
0 0
3571 5
0 0
0 0
0 0
0 0
3576 3
0 0
0 0
0 0
0 0
3581 5
0 0
0 0
0 0
0 0
3586 9
0 0
0 0
0 0
0 0
3591 10
0 0
0 0
0 0
0 0
3596 11
0 0
0 0
0 0
0 0
3601 17
0 0
0 0
0 0
0 0
3606 6
0 0
0 0
0 0
0 0
3611 9
0 0
0 0
0 0
0 0
3616 10
0 0
0 0
0 0
0 0
3621 13
0 0
0 0
0 0
0 0
3626 9
0 0
0 0
0 0
0 0
3631 14
0 0
0 0
0 0
0 0
3636 8
0 0
0 0
0 0
0 0
3641 9
0 0
0 0
0 0
0 0
3646 14
0 0
0 0
0 0
0 0
3651 15
0 0
0 0
0 0
0 0
3656 5
0 0
0 0
0 0
0 0
3661 2
0 0
0 0
0 0
0 0
3666 9
0 0
0 0
0 0
0 0
3671 13
0 0
0 0
0 0
0 0
3676 15
0 0
0 0
0 0
0 0
3681 11
0 0
0 0
0 0
0 0
3686 10
0 0
0 0
0 0
0 0
3691 7
0 0
0 0
0 0
0 0
3696 5
0 0
0 0
0 0
0 0
3701 6
0 0
0 0
0 0
0 0
3706 7
0 0
0 0
0 0
0 0
3711 8
0 0
0 0
0 0
0 0
3716 2
0 0
0 0
0 0
0 0
3721 4
0 0
0 0
0 0
0 0
3726 3
0 0
0 0
0 0
0 0
3731 3
0 0
0 0
0 0
0 0
3736 2
0 0
0 0
0 0
0 0
3741 3
0 0
0 0
0 0
0 0
3746 3
0 0
0 0
0 0
0 0
3751 3
0 0
0 0
0 0
0 0
3756 4
0 0
0 0
0 0
0 0
3761 1
0 0
0 0
0 0
0 0
3766 3
0 0
0 0
0 0
0 0
3771 3
0 0
0 0
0 0
0 0
3776 1
0 0
0 0
0 0
0 0
3781 2
0 0
0 0
0 0
0 0
3786 0
0 0
0 0
0 0
0 0
3791 3
0 0
0 0
0 0
0 0
3796 2
0 0
0 0
0 0
0 0
3801 3
0 0
0 0
0 0
0 0
3806 4
0 0
0 0
0 0
0 0
3811 4
0 0
0 0
0 0
0 0
3816 3
0 0
0 0
0 0
0 0
3821 7
0 0
0 0
0 0
0 0
3826 3
0 0
0 0
0 0
0 0
3831 4
0 0
0 0
0 0
0 0
3836 4
0 0
0 0
0 0
0 0
3841 1
0 0
0 0
0 0
0 0
3846 2
0 0
0 0
0 0
0 0
3851 4
0 0
0 0
0 0
0 0
3856 3
0 0
0 0
0 0
0 0
3861 1
0 0
0 0
0 0
0 0
3866 2
0 0
0 0
0 0
0 0
3871 3
0 0
0 0
0 0
0 0
3876 5
0 0
0 0
0 0
0 0
3881 4
0 0
0 0
0 0
0 0
3886 5
0 0
0 0
0 0
0 0
3891 6
0 0
0 0
0 0
0 0
3896 3
0 0
0 0
0 0
0 0
3901 1
0 0
0 0
0 0
0 0
3906 2
0 0
0 0
0 0
0 0
3911 4
0 0
0 0
0 0
0 0
3916 3
0 0
0 0
0 0
0 0
3921 6
0 0
0 0
0 0
0 0
3926 5
0 0
0 0
0 0
0 0
3931 2
0 0
0 0
0 0
0 0
3936 2
0 0
0 0
0 0
0 0
3941 0
0 0
0 0
0 0
0 0
3946 4
0 0
0 0
0 0
0 0
3951 4
0 0
0 0
0 0
0 0
3956 4
0 0
0 0
0 0
0 0
3961 8
0 0
0 0
0 0
0 0
3966 4
0 0
0 0
0 0
0 0
3971 2
0 0
0 0
0 0
0 0
3976 2
0 0
0 0
0 0
0 0
3981 1
0 0
0 0
0 0
0 0
3986 1
0 0
0 0
0 0
0 0
3991 0
0 0
0 0
0 0
0 0
3996 6
0 0
0 0
0 0
0 0
4001 1
0 0
0 0
0 0
0 0
4006 5
0 0
0 0
0 0
0 0
4011 7
0 0
0 0
0 0
0 0
4016 3
0 0
0 0
0 0
0 0
4021 5
0 0
0 0
0 0
0 0
4026 7
0 0
0 0
0 0
0 0
4031 3
0 0
0 0
0 0
0 0
4036 4
0 0
0 0
0 0
0 0
4041 12
0 0
0 0
0 0
0 0
4046 11
0 0
0 0
0 0
0 0
4051 16
0 0
0 0
0 0
0 0
4056 19
0 0
0 0
0 0
0 0
4061 10
0 0
0 0
0 0
0 0
4066 4
0 0
0 0
0 0
0 0
4071 6
0 0
0 0
0 0
0 0
4076 6
0 0
0 0
0 0
0 0
4081 4
0 0
0 0
0 0
0 0
4086 3
0 0
0 0
0 0
0 0
4091 2
0 0
0 0
0 0
0 0
4096 4
0 0
0 0
0 0
0 0
4101 0
0 0
0 0
0 0
0 0
4106 5
0 0
0 0
0 0
0 0
4111 4
0 0
0 0
0 0
0 0
4116 2
0 0
0 0
0 0
0 0
4121 5
0 0
0 0
0 0
0 0
4126 1
0 0
0 0
0 0
0 0
4131 3
0 0
0 0
0 0
0 0
4136 1
0 0
0 0
0 0
0 0
4141 2
0 0
0 0
0 0
0 0
4146 1
0 0
0 0
0 0
0 0
4151 1
0 0
0 0
0 0
0 0
4156 3
0 0
0 0
0 0
0 0
4161 1
0 0
0 0
0 0
0 0
4166 0
0 0
0 0
0 0
0 0
4171 1
0 0
0 0
0 0
0 0
4176 0
0 0
0 0
0 0
0 0
4181 0
0 0
0 0
0 0
0 0
4186 1
0 0
0 0
0 0
0 0
4191 0
0 0
0 0
0 0
0 0
4196 1
0 0
0 0
0 0
0 0
4201 1
0 0
0 0
0 0
0 0
4206 1
0 0
0 0
0 0
0 0
4211 2
0 0
0 0
0 0
0 0
4216 2
0 0
0 0
0 0
0 0
4221 0
0 0
0 0
0 0
0 0
4226 0
0 0
0 0
0 0
0 0
4231 0
0 0
0 0
0 0
0 0
4236 1
0 0
0 0
0 0
0 0
4241 1
0 0
0 0
0 0
0 0
4246 1
0 0
0 0
0 0
0 0
4251 0
0 0
0 0
0 0
0 0
4256 1
0 0
0 0
0 0
0 0
4261 0
0 0
0 0
0 0
0 0
4266 1
0 0
0 0
0 0
0 0
4271 1
0 0
0 0
0 0
0 0
4276 1
0 0
0 0
0 0
0 0
4281 1
0 0
0 0
0 0
0 0
4286 2
0 0
0 0
0 0
0 0
4291 2
0 0
0 0
0 0
0 0
4296 3
0 0
0 0
0 0
0 0
4301 0
0 0
0 0
0 0
0 0
4306 3
0 0
0 0
0 0
0 0
4311 1
0 0
0 0
0 0
0 0
4316 3
0 0
0 0
0 0
0 0
4321 2
0 0
0 0
0 0
0 0
4326 2
0 0
0 0
0 0
0 0
4331 3
0 0
0 0
0 0
0 0
4336 5
0 0
0 0
0 0
0 0
4341 5
0 0
0 0
0 0
0 0
4346 6
0 0
0 0
0 0
0 0
4351 6
0 0
0 0
0 0
0 0
4356 3
0 0
0 0
0 0
0 0
4361 3
0 0
0 0
0 0
0 0
4366 1
0 0
0 0
0 0
0 0
4371 1
0 0
0 0
0 0
0 0
4376 4
0 0
0 0
0 0
0 0
4381 3
0 0
0 0
0 0
0 0
4386 1
0 0
0 0
0 0
0 0
4391 2
0 0
0 0
0 0
0 0
4396 3
0 0
0 0
0 0
0 0
4401 1
0 0
0 0
0 0
0 0
4406 2
0 0
0 0
0 0
0 0
4411 2
0 0
0 0
0 0
0 0
4416 4
0 0
0 0
0 0
0 0
4421 0
0 0
0 0
0 0
0 0
4426 2
0 0
0 0
0 0
0 0
4431 1
0 0
0 0
0 0
0 0
4436 3
0 0
0 0
0 0
0 0
4441 4
0 0
0 0
0 0
0 0
4446 8
0 0
0 0
0 0
0 0
4451 14
0 0
0 0
0 0
0 0
4456 15
0 0
0 0
0 0
0 0
4461 13
0 0
0 0
0 0
0 0
4466 10
0 0
0 0
0 0
0 0
4471 13
0 0
0 0
0 0
0 0
4476 11
0 0
0 0
0 0
0 0
4481 16
0 0
0 0
0 0
0 0
4486 14
0 0
0 0
0 0
0 0
4491 7
0 0
0 0
0 0
0 0
4496 16
0 0
0 0
0 0
0 0
4501 8
0 0
0 0
0 0
0 0
4506 5
0 0
0 0
0 0
0 0
4511 3
0 0
0 0
0 0
0 0
4516 6
0 0
0 0
0 0
0 0
4521 7
0 0
0 0
0 0
0 0
4526 4
0 0
0 0
0 0
0 0
4531 4
0 0
0 0
0 0
0 0
4536 9
0 0
0 0
0 0
0 0
4541 16
0 0
0 0
0 0
0 0
4546 18
0 0
0 0
0 0
0 0
4551 8
0 0
0 0
0 0
0 0
4556 5
0 0
0 0
0 0
0 0
4561 4
0 0
0 0
0 0
0 0
4566 5
0 0
0 0
0 0
0 0
4571 4
0 0
0 0
0 0
0 0
4576 27
0 0
0 0
0 0
0 0
4581 8
0 0
0 0
0 0
0 0
4586 8
0 0
0 0
0 0
0 0
4591 21
0 0
0 0
0 0
0 0
4596 22
0 0
0 0
0 0
0 0
4601 22
0 0
0 0
0 0
0 0
4606 8
0 0
0 0
0 0
0 0
4611 2
0 0
0 0
0 0
0 0
4616 5
0 0
0 0
0 0
0 0
4621 4
0 0
0 0
0 0
0 0
4626 0
0 0
0 0
0 0
0 0
4631 2
0 0
0 0
0 0
0 0
4636 7
0 0
0 0
0 0
0 0
4641 10
0 0
0 0
0 0
0 0
4646 6
0 0
0 0
0 0
0 0
4651 5
0 0
0 0
0 0
0 0
4656 8
0 0
0 0
0 0
0 0
4661 2
0 0
0 0
0 0
0 0
4666 3
0 0
0 0
0 0
0 0
4671 6
0 0
0 0
0 0
0 0
4676 2
0 0
0 0
0 0
0 0
4681 6
0 0
0 0
0 0
0 0
4686 11
0 0
0 0
0 0
0 0
4691 5
0 0
0 0
0 0
0 0
4696 7
0 0
0 0
0 0
0 0
4701 2
0 0
0 0
0 0
0 0
4706 4
0 0
0 0
0 0
0 0
4711 3
0 0
0 0
0 0
0 0
4716 4
0 0
0 0
0 0
0 0
4721 2
0 0
0 0
0 0
0 0
4726 3
0 0
0 0
0 0
0 0
4731 4
0 0
0 0
0 0
0 0
4736 4
0 0
0 0
0 0
0 0
4741 6
0 0
0 0
0 0
0 0
4746 8
0 0
0 0
0 0
0 0
4751 6
0 0
0 0
0 0
0 0
4756 1
0 0
0 0
0 0
0 0
4761 1
0 0
0 0
0 0
0 0
4766 1
0 0
0 0
0 0
0 0
4771 2
0 0
0 0
0 0
0 0
4776 1
0 0
0 0
0 0
0 0
4781 1
0 0
0 0
0 0
0 0
4786 4
0 0
0 0
0 0
0 0
4791 10
0 0
0 0
0 0
0 0
4796 8
0 0
0 0
0 0
0 0
4801 3
0 0
0 0
0 0
0 0
4806 3
0 0
0 0
0 0
0 0
4811 0
0 0
0 0
0 0
0 0
4816 1
0 0
0 0
0 0
0 0
4821 1
0 0
0 0
0 0
0 0
4826 2
0 0
0 0
0 0
0 0
4831 1
0 0
0 0
0 0
0 0
4836 2
0 0
0 0
0 0
0 0
4841 1
0 0
0 0
0 0
0 0
4846 1
0 0
0 0
0 0
0 0
4851 1
0 0
0 0
0 0
0 0
4856 0
0 0
0 0
0 0
0 0
4861 0
0 0
0 0
0 0
0 0
4866 1
0 0
0 0
0 0
0 0
4871 2
0 0
0 0
0 0
0 0
4876 1
0 0
0 0
0 0
0 0
4881 3
0 0
0 0
0 0
0 0
4886 1
0 0
0 0
0 0
0 0
4891 0
0 0
0 0
0 0
0 0
4896 0
0 0
0 0
0 0
0 0
4901 3
0 0
0 0
0 0
0 0
4906 1
0 0
0 0
0 0
0 0
4911 1
0 0
0 0
0 0
0 0
4916 0
0 0
0 0
0 0
0 0
4921 1
0 0
0 0
0 0
0 0
4926 0
0 0
0 0
0 0
0 0
4931 0
0 0
0 0
0 0
0 0
4936 0
0 0
0 0
0 0
0 0
4941 0
0 0
0 0
0 0
0 0
4946 0
0 0
0 0
0 0
0 0
4951 0
0 0
0 0
0 0
0 0
4956 0
0 0
0 0
0 0
0 0
4961 0
0 0
0 0
0 0
0 0
4966 1
0 0
0 0
0 0
0 0
4971 1
0 0
0 0
0 0
0 0
4976 0
0 0
0 0
0 0
0 0
4981 0
0 0
0 0
0 0
0 0
4986 1
0 0
0 0
0 0
0 0
4991 2
0 0
0 0
0 0
0 0
4996 2
0 0
0 0
0 0
0 0
5001 1
0 0
0 0
0 0
0 0
5006 0
0 0
0 0
0 0
0 0
5011 1
0 0
0 0
0 0
0 0
5016 1
0 0
0 0
0 0
0 0
5021 1
0 0
0 0
0 0
0 0
5026 3
0 0
0 0
0 0
0 0
5031 3
0 0
0 0
0 0
0 0
5036 3
0 0
0 0
0 0
0 0
5041 1
0 0
0 0
0 0
0 0
5046 1
0 0
0 0
0 0
0 0
5051 1
0 0
0 0
0 0
0 0
5056 2
0 0
0 0
0 0
0 0
5061 2
0 0
0 0
0 0
0 0
5066 0
0 0
0 0
0 0
0 0
5071 2
0 0
0 0
0 0
0 0
5076 1
0 0
0 0
0 0
0 0
5081 0
0 0
0 0
0 0
0 0
5086 2
0 0
0 0
0 0
0 0
5091 2
0 0
0 0
0 0
0 0
5096 2
0 0
0 0
0 0
0 0
5101 8
0 0
0 0
0 0
0 0
5106 20
0 0
0 0
0 0
0 0
5111 29
0 0
0 0
0 0
0 0
5116 27
0 0
0 0
0 0
0 0
5121 22
0 0
0 0
0 0
0 0
5126 19
0 0
0 0
0 0
0 0
5131 37
0 0
0 0
0 0
0 0
5136 9
0 0
0 0
0 0
0 0
5141 18
0 0
0 0
0 0
0 0
5146 6
0 0
0 0
0 0
0 0
5151 8
0 0
0 0
0 0
0 0
5156 6
0 0
0 0
0 0
0 0
5161 5
0 0
0 0
0 0
0 0
5166 4
0 0
0 0
0 0
0 0
5171 1
0 0
0 0
0 0
0 0
5176 1
0 0
0 0
0 0
0 0
5181 3
0 0
0 0
0 0
0 0
5186 2
0 0
0 0
0 0
0 0
5191 4
0 0
0 0
0 0
0 0
5196 5
0 0
0 0
0 0
0 0
5201 1
0 0
0 0
0 0
0 0
5206 1
0 0
0 0
0 0
0 0
5211 5
0 0
0 0
0 0
0 0
5216 7
0 0
0 0
0 0
0 0
5221 11
0 0
0 0
0 0
0 0
5226 14
0 0
0 0
0 0
0 0
5231 3
0 0
0 0
0 0
0 0
5236 10
0 0
0 0
0 0
0 0
5241 7
0 0
0 0
0 0
0 0
5246 5
0 0
0 0
0 0
0 0
5251 13
0 0
0 0
0 0
0 0
5256 12
0 0
0 0
0 0
0 0
5261 9
0 0
0 0
0 0
0 0
5266 7
0 0
0 0
0 0
0 0
5271 5
0 0
0 0
0 0
0 0
5276 4
0 0
0 0
0 0
0 0
5281 5
0 0
0 0
0 0
0 0
5286 3
0 0
0 0
0 0
0 0
5291 3
0 0
0 0
0 0
0 0
5296 3
0 0
0 0
0 0
0 0
5301 3
0 0
0 0
0 0
0 0
5306 3
0 0
0 0
0 0
0 0
5311 2
0 0
0 0
0 0
0 0
5316 2
0 0
0 0
0 0
0 0
5321 5
0 0
0 0
0 0
0 0
5326 4
0 0
0 0
0 0
0 0
5331 4
0 0
0 0
0 0
0 0
5336 5
0 0
0 0
0 0
0 0
5341 3
0 0
0 0
0 0
0 0
5346 10
0 0
0 0
0 0
0 0
5351 9
0 0
0 0
0 0
0 0
5356 18
0 0
0 0
0 0
0 0
5361 14
0 0
0 0
0 0
0 0
5366 2
0 0
0 0
0 0
0 0
5371 8
0 0
0 0
0 0
0 0
5376 13
0 0
0 0
0 0
0 0
5381 17
0 0
0 0
0 0
0 0
5386 17
0 0
0 0
0 0
0 0
5391 9
0 0
0 0
0 0
0 0
5396 12
0 0
0 0
0 0
0 0
5401 3
0 0
0 0
0 0
0 0
5406 3
0 0
0 0
0 0
0 0
5411 12
0 0
0 0
0 0
0 0
5416 15
0 0
0 0
0 0
0 0
5421 24
0 0
0 0
0 0
0 0
5426 15
0 0
0 0
0 0
0 0
5431 16
0 0
0 0
0 0
0 0
5436 19
0 0
0 0
0 0
0 0
5441 18
0 0
0 0
0 0
0 0
5446 21
0 0
0 0
0 0
0 0
5451 22
0 0
0 0
0 0
0 0
5456 21
0 0
0 0
0 0
0 0
5461 15
0 0
0 0
0 0
0 0
5466 28
0 0
0 0
0 0
0 0
5471 11
0 0
0 0
0 0
0 0
5476 11
0 0
0 0
0 0
0 0
5481 13
0 0
0 0
0 0
0 0
5486 16
0 0
0 0
0 0
0 0
5491 17
0 0
0 0
0 0
0 0
5496 23
0 0
0 0
0 0
0 0
5501 16
0 0
0 0
0 0
0 0
5506 14
0 0
0 0
0 0
0 0
5511 12
0 0
0 0
0 0
0 0
5516 12
0 0
0 0
0 0
0 0
5521 27
0 0
0 0
0 0
0 0
5526 20
0 0
0 0
0 0
0 0
5531 14
0 0
0 0
0 0
0 0
5536 8
0 0
0 0
0 0
0 0
5541 5
0 0
0 0
0 0
0 0
5546 2
0 0
0 0
0 0
0 0
5551 5
0 0
0 0
0 0
0 0
5556 12
0 0
0 0
0 0
0 0
5561 9
0 0
0 0
0 0
0 0
5566 10
0 0
0 0
0 0
0 0
5571 13
0 0
0 0
0 0
0 0
5576 5
0 0
0 0
0 0
0 0
5581 15
0 0
0 0
0 0
0 0
5586 6
0 0
0 0
0 0
0 0
5591 11
0 0
0 0
0 0
0 0
5596 6
0 0
0 0
0 0
0 0
5601 9
0 0
0 0
0 0
0 0
5606 7
0 0
0 0
0 0
0 0
5611 18
0 0
0 0
0 0
0 0
5616 6
0 0
0 0
0 0
0 0
5621 10
0 0
0 0
0 0
0 0
5626 5
0 0
0 0
0 0
0 0
5631 4
0 0
0 0
0 0
0 0
5636 9
0 0
0 0
0 0
0 0
5641 3
0 0
0 0
0 0
0 0
5646 5
0 0
0 0
0 0
0 0
5651 6
0 0
0 0
0 0
0 0
5656 2
0 0
0 0
0 0
0 0
5661 2
0 0
0 0
0 0
0 0
5666 5
0 0
0 0
0 0
0 0
5671 3
0 0
0 0
0 0
0 0
5676 4
0 0
0 0
0 0
0 0
5681 3
0 0
0 0
0 0
0 0
5686 3
0 0
0 0
0 0
0 0
5691 2
0 0
0 0
0 0
0 0
5696 1
0 0
0 0
0 0
0 0
5701 2
0 0
0 0
0 0
0 0
5706 1
0 0
0 0
0 0
0 0
5711 0
0 0
0 0
0 0
0 0
5716 3
0 0
0 0
0 0
0 0
5721 1
0 0
0 0
0 0
0 0
5726 0
0 0
0 0
0 0
0 0
5731 2
0 0
0 0
0 0
0 0
5736 6
0 0
0 0
0 0
0 0
5741 4
0 0
0 0
0 0
0 0
5746 3
0 0
0 0
0 0
0 0
5751 14
0 0
0 0
0 0
0 0
5756 8
0 0
0 0
0 0
0 0
5761 6
0 0
0 0
0 0
0 0
5766 3
0 0
0 0
0 0
0 0
5771 5
0 0
0 0
0 0
0 0
5776 5
0 0
0 0
0 0
0 0
5781 2
0 0
0 0
0 0
0 0
5786 4
0 0
0 0
0 0
0 0
5791 3
0 0
0 0
0 0
0 0
5796 4
0 0
0 0
0 0
0 0
5801 1
0 0
0 0
0 0
0 0
5806 3
0 0
0 0
0 0
0 0
5811 1
0 0
0 0
0 0
0 0
5816 4
0 0
0 0
0 0
0 0
5821 4
0 0
0 0
0 0
0 0
5826 3
0 0
0 0
0 0
0 0
5831 1
0 0
0 0
0 0
0 0
5836 4
0 0
0 0
0 0
0 0
5841 5
0 0
0 0
0 0
0 0
5846 3
0 0
0 0
0 0
0 0
5851 4
0 0
0 0
0 0
0 0
5856 6
0 0
0 0
0 0
0 0
5861 9
0 0
0 0
0 0
0 0
5866 12
0 0
0 0
0 0
0 0
5871 10
0 0
0 0
0 0
0 0
5876 9
0 0
0 0
0 0
0 0
5881 4
0 0
0 0
0 0
0 0
5886 10
0 0
0 0
0 0
0 0
5891 11
0 0
0 0
0 0
0 0
5896 4
0 0
0 0
0 0
0 0
5901 3
0 0
0 0
0 0
0 0
5906 2
0 0
0 0
0 0
0 0
5911 2
0 0
0 0
0 0
0 0
5916 3
0 0
0 0
0 0
0 0
5921 1
0 0
0 0
0 0
0 0
5926 5
0 0
0 0
0 0
0 0
5931 2
0 0
0 0
0 0
0 0
5936 4
0 0
0 0
0 0
0 0
5941 2
0 0
0 0
0 0
0 0
5946 2
0 0
0 0
0 0
0 0
5951 5
0 0
0 0
0 0
0 0
5956 5
0 0
0 0
0 0
0 0
5961 1
0 0
0 0
0 0
0 0
5966 5
0 0
0 0
0 0
0 0
5971 5
0 0
0 0
0 0
0 0
5976 6
0 0
0 0
0 0
0 0
5981 3
0 0
0 0
0 0
0 0
5986 0
0 0
0 0
0 0
0 0
5991 4
0 0
0 0
0 0
0 0
5996 5
0 0
0 0
0 0
0 0
6001 2
0 0
0 0
0 0
0 0
6006 3
0 0
0 0
0 0
0 0
6011 4
0 0
0 0
0 0
0 0
6016 5
0 0
0 0
0 0
0 0
6021 6
0 0
0 0
0 0
0 0
6026 7
0 0
0 0
0 0
0 0
6031 4
0 0
0 0
0 0
0 0
6036 7
0 0
0 0
0 0
0 0
6041 3
0 0
0 0
0 0
0 0
6046 5
0 0
0 0
0 0
0 0
6051 4
0 0
0 0
0 0
0 0
6056 3
0 0
0 0
0 0
0 0
6061 4
0 0
0 0
0 0
0 0
6066 3
0 0
0 0
0 0
0 0
6071 5
0 0
0 0
0 0
0 0
6076 3
0 0
0 0
0 0
0 0
6081 6
0 0
0 0
0 0
0 0
6086 4
0 0
0 0
0 0
0 0
6091 4
0 0
0 0
0 0
0 0
6096 2
0 0
0 0
0 0
0 0
6101 2
0 0
0 0
0 0
0 0
6106 2
0 0
0 0
0 0
0 0
6111 2
0 0
0 0
0 0
0 0
6116 1
0 0
0 0
0 0
0 0
6121 3
0 0
0 0
0 0
0 0
6126 6
0 0
0 0
0 0
0 0
6131 1
0 0
0 0
0 0
0 0
6136 0
0 0
0 0
0 0
0 0
6141 0
0 0
0 0
0 0
0 0
6146 2
0 0
0 0
0 0
0 0
6151 4
0 0
0 0
0 0
0 0
6156 2
0 0
0 0
0 0
0 0
6161 0
0 0
0 0
0 0
0 0
6166 3
0 0
0 0
0 0
0 0
6171 2
0 0
0 0
0 0
0 0
6176 2
0 0
0 0
0 0
0 0
6181 2
0 0
0 0
0 0
0 0
6186 2
0 0
0 0
0 0
0 0
6191 1
0 0
0 0
0 0
0 0
6196 3
0 0
0 0
0 0
0 0
6201 3
0 0
0 0
0 0
0 0
6206 0
0 0
0 0
0 0
0 0
6211 3
0 0
0 0
0 0
0 0
6216 0
0 0
0 0
0 0
0 0
6221 0
0 0
0 0
0 0
0 0
6226 1
0 0
0 0
0 0
0 0
6231 1
0 0
0 0
0 0
0 0
6236 5
0 0
0 0
0 0
0 0
6241 4
0 0
0 0
0 0
0 0
6246 10
0 0
0 0
0 0
0 0
6251 13
0 0
0 0
0 0
0 0
6256 8
0 0
0 0
0 0
0 0
6261 6
0 0
0 0
0 0
0 0
6266 10
0 0
0 0
0 0
0 0
6271 7
0 0
0 0
0 0
0 0
6276 6
0 0
0 0
0 0
0 0
6281 5
0 0
0 0
0 0
0 0
6286 11
0 0
0 0
0 0
0 0
6291 7
0 0
0 0
0 0
0 0
6296 6
0 0
0 0
0 0
0 0
6301 12
0 0
0 0
0 0
0 0
6306 11
0 0
0 0
0 0
0 0
6311 7
0 0
0 0
0 0
0 0
6316 6
0 0
0 0
0 0
0 0
6321 7
0 0
0 0
0 0
0 0
6326 5
0 0
0 0
0 0
0 0
6331 3
0 0
0 0
0 0
0 0
6336 3
0 0
0 0
0 0
0 0
6341 7
0 0
0 0
0 0
0 0
6346 3
0 0
0 0
0 0
0 0
6351 3
0 0
0 0
0 0
0 0
6356 3
0 0
0 0
0 0
0 0
6361 3
0 0
0 0
0 0
0 0
6366 2
0 0
0 0
0 0
0 0
6371 1
0 0
0 0
0 0
0 0
6376 7
0 0
0 0
0 0
0 0
6381 5
0 0
0 0
0 0
0 0
6386 2
0 0
0 0
0 0
0 0
6391 5
0 0
0 0
0 0
0 0
6396 4
0 0
0 0
0 0
0 0
6401 3
0 0
0 0
0 0
0 0
6406 3
0 0
0 0
0 0
0 0
6411 2
0 0
0 0
0 0
0 0
6416 2
0 0
0 0
0 0
0 0
6421 4
0 0
0 0
0 0
0 0
6426 2
0 0
0 0
0 0
0 0
6431 4
0 0
0 0
0 0
0 0
6436 2
0 0
0 0
0 0
0 0
6441 2
0 0
0 0
0 0
0 0
6446 4
0 0
0 0
0 0
0 0
6451 3
0 0
0 0
0 0
0 0
6456 4
0 0
0 0
0 0
0 0
6461 2
0 0
0 0
0 0
0 0
6466 4
0 0
0 0
0 0
0 0
6471 5
0 0
0 0
0 0
0 0
6476 2
0 0
0 0
0 0
0 0
6481 5
0 0
0 0
0 0
0 0
6486 4
0 0
0 0
0 0
0 0
6491 2
0 0
0 0
0 0
0 0
6496 3
0 0
0 0
0 0
0 0
6501 6
0 0
0 0
0 0
0 0
6506 3
0 0
0 0
0 0
0 0
6511 1
0 0
0 0
0 0
0 0
6516 4
0 0
0 0
0 0
0 0
6521 4
0 0
0 0
0 0
0 0
6526 1
0 0
0 0
0 0
0 0
6531 1
0 0
0 0
0 0
0 0
6536 5
0 0
0 0
0 0
0 0
6541 5
0 0
0 0
0 0
0 0
6546 4
0 0
0 0
0 0
0 0
6551 6
0 0
0 0
0 0
0 0
6556 16
0 0
0 0
0 0
0 0
6561 27
0 0
0 0
0 0
0 0
6566 0
0 0
0 0
0 0
0 0
6571 31
0 0
0 0
0 0
0 0
6576 28
0 0
0 0
0 0
0 0
6581 22
0 0
0 0
0 0
0 0
6586 6
0 0
0 0
0 0
0 0
6591 9
0 0
0 0
0 0
0 0
6596 15
0 0
0 0
0 0
0 0
6601 17
0 0
0 0
0 0
0 0
6606 11
0 0
0 0
0 0
0 0
6611 12
0 0
0 0
0 0
0 0
6616 7
0 0
0 0
0 0
0 0
6621 16
0 0
0 0
0 0
0 0
6626 7
0 0
0 0
0 0
0 0
6631 9
0 0
0 0
0 0
0 0
6636 15
0 0
0 0
0 0
0 0
6641 10
0 0
0 0
0 0
0 0
6646 17
0 0
0 0
0 0
0 0
6651 15
0 0
0 0
0 0
0 0
6656 11
0 0
0 0
0 0
0 0
6661 13
0 0
0 0
0 0
0 0
6666 7
0 0
0 0
0 0
0 0
6671 12
0 0
0 0
0 0
0 0
6676 7
0 0
0 0
0 0
0 0
6681 9
0 0
0 0
0 0
0 0
6686 8
0 0
0 0
0 0
0 0
6691 9
0 0
0 0
0 0
0 0
6696 9
0 0
0 0
0 0
0 0
6701 4
0 0
0 0
0 0
0 0
6706 9
0 0
0 0
0 0
0 0
6711 12
0 0
0 0
0 0
0 0
6716 4
0 0
0 0
0 0
0 0
6721 7
0 0
0 0
0 0
0 0
6726 11
0 0
0 0
0 0
0 0
6731 10
0 0
0 0
0 0
0 0
6736 11
0 0
0 0
0 0
0 0
6741 1
0 0
0 0
0 0
0 0
6746 6
0 0
0 0
0 0
0 0
6751 6
0 0
0 0
0 0
0 0
6756 3
0 0
0 0
0 0
0 0
6761 7
0 0
0 0
0 0
0 0
6766 8
0 0
0 0
0 0
0 0
6771 6
0 0
0 0
0 0
0 0
6776 27
0 0
0 0
0 0
0 0
6781 31
0 0
0 0
0 0
0 0
6786 16
0 0
0 0
0 0
0 0
6791 10
0 0
0 0
0 0
0 0
6796 14
0 0
0 0
0 0
0 0
6801 17
0 0
0 0
0 0
0 0
6806 13
0 0
0 0
0 0
0 0
6811 15
0 0
0 0
0 0
0 0
6816 13
0 0
0 0
0 0
0 0
6821 4
0 0
0 0
0 0
0 0
6826 4
0 0
0 0
0 0
0 0
6831 7
0 0
0 0
0 0
0 0
6836 9
0 0
0 0
0 0
0 0
6841 5
0 0
0 0
0 0
0 0
6846 3
0 0
0 0
0 0
0 0
6851 4
0 0
0 0
0 0
0 0
6856 4
0 0
0 0
0 0
0 0
6861 5
0 0
0 0
0 0
0 0
6866 1
0 0
0 0
0 0
0 0
6871 3
0 0
0 0
0 0
0 0
6876 1
0 0
0 0
0 0
0 0
6881 3
0 0
0 0
0 0
0 0
6886 5
0 0
0 0
0 0
0 0
6891 7
0 0
0 0
0 0
0 0
6896 3
0 0
0 0
0 0
0 0
6901 5
0 0
0 0
0 0
0 0
6906 1
0 0
0 0
0 0
0 0
6911 1
0 0
0 0
0 0
0 0
6916 4
0 0
0 0
0 0
0 0
6921 4
0 0
0 0
0 0
0 0
6926 11
0 0
0 0
0 0
0 0
6931 16
0 0
0 0
0 0
0 0
6936 5
0 0
0 0
0 0
0 0
6941 9
0 0
0 0
0 0
0 0
6946 3
0 0
0 0
0 0
0 0
6951 3
0 0
0 0
0 0
0 0
6956 4
0 0
0 0
0 0
0 0
6961 5
0 0
0 0
0 0
0 0
6966 9
0 0
0 0
0 0
0 0
6971 6
0 0
0 0
0 0
0 0
6976 7
0 0
0 0
0 0
0 0
6981 3
0 0
0 0
0 0
0 0
6986 1
0 0
0 0
0 0
0 0
6991 1
0 0
0 0
0 0
0 0
6996 0
0 0
0 0
0 0
0 0
7001 2
0 0
0 0
0 0
0 0
7006 2
0 0
0 0
0 0
0 0
7011 1
0 0
0 0
0 0
0 0
7016 5
0 0
0 0
0 0
0 0
7021 1
0 0
0 0
0 0
0 0
7026 3
0 0
0 0
0 0
0 0
7031 3
0 0
0 0
0 0
0 0
7036 4
0 0
0 0
0 0
0 0
7041 6
0 0
0 0
0 0
0 0
7046 2
0 0
0 0
0 0
0 0
7051 5
0 0
0 0
0 0
0 0
7056 4
0 0
0 0
0 0
0 0
7061 2
0 0
0 0
0 0
0 0
7066 3
0 0
0 0
0 0
0 0
7071 2
0 0
0 0
0 0
0 0
7076 5
0 0
0 0
0 0
0 0
7081 5
0 0
0 0
0 0
0 0
7086 6
0 0
0 0
0 0
0 0
7091 3
0 0
0 0
0 0
0 0
7096 12
0 0
0 0
0 0
0 0
7101 12
0 0
0 0
0 0
0 0
7106 22
0 0
0 0
0 0
0 0
7111 27
0 0
0 0
0 0
0 0
7116 10
0 0
0 0
0 0
0 0
7121 6
0 0
0 0
0 0
0 0
7126 4
0 0
0 0
0 0
0 0
7131 7
0 0
0 0
0 0
0 0
7136 5
0 0
0 0
0 0
0 0
7141 5
0 0
0 0
0 0
0 0
7146 8
0 0
0 0
0 0
0 0
7151 1
0 0
0 0
0 0
0 0
7156 3
0 0
0 0
0 0
0 0
7161 2
0 0
0 0
0 0
0 0
7166 3
0 0
0 0
0 0
0 0
7171 3
0 0
0 0
0 0
0 0
7176 4
0 0
0 0
0 0
0 0
7181 0
0 0
0 0
0 0
0 0
7186 2
0 0
0 0
0 0
0 0
7191 5
0 0
0 0
0 0
0 0
7196 6
0 0
0 0
0 0
0 0
7201 4
0 0
0 0
0 0
0 0
7206 5
0 0
0 0
0 0
0 0
7211 11
0 0
0 0
0 0
0 0
7216 6
0 0
0 0
0 0
0 0
7221 4
0 0
0 0
0 0
0 0
7226 0
0 0
0 0
0 0
0 0
7231 0
0 0
0 0
0 0
0 0
7236 5
0 0
0 0
0 0
0 0
7241 2
0 0
0 0
0 0
0 0
7246 12
0 0
0 0
0 0
0 0
7251 8
0 0
0 0
0 0
0 0
7256 13
0 0
0 0
0 0
0 0
7261 32
0 0
0 0
0 0
0 0
7266 25
0 0
0 0
0 0
0 0
7271 28
0 0
0 0
0 0
0 0
7276 31
0 0
0 0
0 0
0 0
7281 17
0 0
0 0
0 0
0 0
7286 31
0 0
0 0
0 0
0 0
7291 22
0 0
0 0
0 0
0 0
7296 22
0 0
0 0
0 0
0 0
7301 13
0 0
0 0
0 0
0 0
7306 6
0 0
0 0
0 0
0 0
7311 3
0 0
0 0
0 0
0 0
7316 5
0 0
0 0
0 0
0 0
7321 6
0 0
0 0
0 0
0 0
7326 1
0 0
0 0
0 0
0 0
7331 6
0 0
0 0
0 0
0 0
7336 10
0 0
0 0
0 0
0 0
7341 8
0 0
0 0
0 0
0 0
7346 7
0 0
0 0
0 0
0 0
7351 6
0 0
0 0
0 0
0 0
7356 2
0 0
0 0
0 0
0 0
7361 6
0 0
0 0
0 0
0 0
7366 2
0 0
0 0
0 0
0 0
7371 4
0 0
0 0
0 0
0 0
7376 3
0 0
0 0
0 0
0 0
7381 4
0 0
0 0
0 0
0 0
7386 2
0 0
0 0
0 0
0 0
7391 3
0 0
0 0
0 0
0 0
7396 1
0 0
0 0
0 0
0 0
7401 3
0 0
0 0
0 0
0 0
7406 3
0 0
0 0
0 0
0 0
7411 4
0 0
0 0
0 0
0 0
7416 2
0 0
0 0
0 0
0 0
7421 4
0 0
0 0
0 0
0 0
7426 2
0 0
0 0
0 0
0 0
7431 2
0 0
0 0
0 0
0 0
7436 3
0 0
0 0
0 0
0 0
7441 5
0 0
0 0
0 0
0 0
7446 8
0 0
0 0
0 0
0 0
7451 11
0 0
0 0
0 0
0 0
7456 4
0 0
0 0
0 0
0 0
7461 5
0 0
0 0
0 0
0 0
7466 4
0 0
0 0
0 0
0 0
7471 8
0 0
0 0
0 0
0 0
7476 6
0 0
0 0
0 0
0 0
7481 3
0 0
0 0
0 0
0 0
7486 5
0 0
0 0
0 0
0 0
7491 3
0 0
0 0
0 0
0 0
7496 5
0 0
0 0
0 0
0 0
7501 11
0 0
0 0
0 0
0 0
7506 26
0 0
0 0
0 0
0 0
7511 24
0 0
0 0
0 0
0 0
7516 39
0 0
0 0
0 0
0 0
7521 0
0 0
0 0
0 0
0 0
7526 3
0 0
0 0
0 0
0 0
7531 10
0 0
0 0
0 0
0 0
7536 7
0 0
0 0
0 0
0 0
7541 3
0 0
0 0
0 0
0 0
7546 3
0 0
0 0
0 0
0 0
7551 0
0 0
0 0
0 0
0 0
7556 7
0 0
0 0
0 0
0 0
7561 9
0 0
0 0
0 0
0 0
7566 21
0 0
0 0
0 0
0 0
7571 19
0 0
0 0
0 0
0 0
7576 15
0 0
0 0
0 0
0 0
7581 30
0 0
0 0
0 0
0 0
7586 30
0 0
0 0
0 0
0 0
7591 19
0 0
0 0
0 0
0 0
7596 6
0 0
0 0
0 0
0 0
7601 13
0 0
0 0
0 0
0 0
7606 24
0 0
0 0
0 0
0 0
7611 28
0 0
0 0
0 0
0 0
7616 1
0 0
0 0
0 0
0 0
7621 0
0 0
0 0
0 0
0 0
7626 30
0 0
0 0
0 0
0 0
7631 22
0 0
0 0
0 0
0 0
7636 31
0 0
0 0
0 0
0 0
7641 13
0 0
0 0
0 0
0 0
7646 18
0 0
0 0
0 0
0 0
7651 18
0 0
0 0
0 0
0 0
7656 0
0 0
0 0
0 0
0 0
7661 29
0 0
0 0
0 0
0 0
7666 32
0 0
0 0
0 0
0 0
7671 3
0 0
0 0
0 0
0 0
7676 26
0 0
0 0
0 0
0 0
7681 22
0 0
0 0
0 0
0 0
7686 13
0 0
0 0
0 0
0 0
7691 24
0 0
0 0
0 0
0 0
7696 24
0 0
0 0
0 0
0 0
7701 26
0 0
0 0
0 0
0 0
7706 21
0 0
0 0
0 0
0 0
7711 24
0 0
0 0
0 0
0 0
7716 25
0 0
0 0
0 0
0 0
7721 34
0 0
0 0
0 0
0 0
7726 38
0 0
0 0
0 0
0 0
7731 0
0 0
0 0
0 0
0 0
7736 21
0 0
0 0
0 0
0 0
7741 14
0 0
0 0
0 0
0 0
7746 14
0 0
0 0
0 0
0 0
7751 0
0 0
0 0
0 0
0 0
7756 2
0 0
0 0
0 0
0 0
7761 2
0 0
0 0
0 0
0 0
7766 1
0 0
0 0
0 0
0 0
7771 0
0 0
0 0
0 0
0 0
7776 1
0 0
0 0
0 0
0 0
7781 2
0 0
0 0
0 0
0 0
7786 10
0 0
0 0
0 0
0 0
7791 3
0 0
0 0
0 0
0 0
7796 3
0 0
0 0
0 0
0 0
7801 4
0 0
0 0
0 0
0 0
7806 2
0 0
0 0
0 0
0 0
7811 2
0 0
0 0
0 0
0 0
7816 15
0 0
0 0
0 0
0 0
7821 20
0 0
0 0
0 0
0 0
7826 25
0 0
0 0
0 0
0 0
7831 13
0 0
0 0
0 0
0 0
7836 22
0 0
0 0
0 0
0 0
7841 9
0 0
0 0
0 0
0 0
7846 11
0 0
0 0
0 0
0 0
7851 9
0 0
0 0
0 0
0 0
7856 8
0 0
0 0
0 0
0 0
7861 7
0 0
0 0
0 0
0 0
7866 2
0 0
0 0
0 0
0 0
7871 0
0 0
0 0
0 0
0 0
7876 6
0 0
0 0
0 0
0 0
7881 12
0 0
0 0
0 0
0 0
7886 4
0 0
0 0
0 0
0 0
7891 4
0 0
0 0
0 0
0 0
7896 9
0 0
0 0
0 0
0 0
7901 4
0 0
0 0
0 0
0 0
7906 8
0 0
0 0
0 0
0 0
7911 9
0 0
0 0
0 0
0 0
7916 5
0 0
0 0
0 0
0 0
7921 4
0 0
0 0
0 0
0 0
7926 19
0 0
0 0
0 0
0 0
7931 6
0 0
0 0
0 0
0 0
7936 12
0 0
0 0
0 0
0 0
7941 7
0 0
0 0
0 0
0 0
7946 10
0 0
0 0
0 0
0 0
7951 7
0 0
0 0
0 0
0 0
7956 8
0 0
0 0
0 0
0 0
7961 6
0 0
0 0
0 0
0 0
7966 3
0 0
0 0
0 0
0 0
7971 6
0 0
0 0
0 0
0 0
7976 3
0 0
0 0
0 0
0 0
7981 5
0 0
0 0
0 0
0 0
7986 2
0 0
0 0
0 0
0 0
7991 4
0 0
0 0
0 0
0 0
7996 14
0 0
0 0
0 0
0 0
8001 10
0 0
0 0
0 0
0 0
8006 7
0 0
0 0
0 0
0 0
8011 8
0 0
0 0
0 0
0 0
8016 7
0 0
0 0
0 0
0 0
8021 4
0 0
0 0
0 0
0 0
8026 9
0 0
0 0
0 0
0 0
8031 11
0 0
0 0
0 0
0 0
8036 21
0 0
0 0
0 0
0 0
8041 8
0 0
0 0
0 0
0 0
8046 8
0 0
0 0
0 0
0 0
8051 11
0 0
0 0
0 0
0 0
8056 24
0 0
0 0
0 0
0 0
8061 19
0 0
0 0
0 0
0 0
8066 19
0 0
0 0
0 0
0 0
8071 12
0 0
0 0
0 0
0 0
8076 9
0 0
0 0
0 0
0 0
8081 24
0 0
0 0
0 0
0 0
8086 22
0 0
0 0
0 0
0 0
8091 10
0 0
0 0
0 0
0 0
8096 15
0 0
0 0
0 0
0 0
8101 8
0 0
0 0
0 0
0 0
8106 17
0 0
0 0
0 0
0 0
8111 12
0 0
0 0
0 0
0 0
8116 6
0 0
0 0
0 0
0 0
8121 10
0 0
0 0
0 0
0 0
8126 15
0 0
0 0
0 0
0 0
8131 10
0 0
0 0
0 0
0 0
8136 13
0 0
0 0
0 0
0 0
8141 17
0 0
0 0
0 0
0 0
8146 22
0 0
0 0
0 0
0 0
8151 20
0 0
0 0
0 0
0 0
8156 6
0 0
0 0
0 0
0 0
8161 9
0 0
0 0
0 0
0 0
8166 19
0 0
0 0
0 0
0 0
8171 19
0 0
0 0
0 0
0 0
8176 11
0 0
0 0
0 0
0 0
8181 10
0 0
0 0
0 0
0 0
8186 11
0 0
0 0
0 0
0 0
8191 9
0 0
0 0
0 0
0 0
8196 4
0 0
0 0
0 0
0 0
8201 14
0 0
0 0
0 0
0 0
8206 13
0 0
0 0
0 0
0 0
8211 9
0 0
0 0
0 0
0 0
8216 8
0 0
0 0
0 0
0 0
8221 6
0 0
0 0
0 0
0 0
8226 9
0 0
0 0
0 0
0 0
8231 4
0 0
0 0
0 0
0 0
8236 15
0 0
0 0
0 0
0 0
8241 7
0 0
0 0
0 0
0 0
8246 15
0 0
0 0
0 0
0 0
8251 3
0 0
0 0
0 0
0 0
8256 12
0 0
0 0
0 0
0 0
8261 10
0 0
0 0
0 0
0 0
8266 5
0 0
0 0
0 0
0 0
8271 3
0 0
0 0
0 0
0 0
8276 1
0 0
0 0
0 0
0 0
8281 4
0 0
0 0
0 0
0 0
8286 10
0 0
0 0
0 0
0 0
8291 8
0 0
0 0
0 0
0 0
8296 15
0 0
0 0
0 0
0 0
8301 22
0 0
0 0
0 0
0 0
8306 17
0 0
0 0
0 0
0 0
8311 6
0 0
0 0
0 0
0 0
8316 1
0 0
0 0
0 0
0 0
8321 0
0 0
0 0
0 0
0 0
8326 2
0 0
0 0
0 0
0 0
8331 3
0 0
0 0
0 0
0 0
8336 2
0 0
0 0
0 0
0 0
8341 0
0 0
0 0
0 0
0 0
8346 0
0 0
0 0
0 0
0 0
8351 1
0 0
0 0
0 0
0 0
8356 1
0 0
0 0
0 0
0 0
8361 0
0 0
0 0
0 0
0 0
8366 0
0 0
0 0
0 0
0 0
8371 0
0 0
0 0
0 0
0 0
8376 0
0 0
0 0
0 0
0 0
8381 1
0 0
0 0
0 0
0 0
8386 1
0 0
0 0
0 0
0 0
8391 0
0 0
0 0
0 0
0 0
8396 0
0 0
0 0
0 0
0 0
8401 0
0 0
0 0
0 0
0 0
8406 0
0 0
0 0
0 0
0 0
8411 0
0 0
0 0
0 0
0 0
8416 1
0 0
0 0
0 0
0 0
8421 0
0 0
0 0
0 0
0 0
8426 1
0 0
0 0
0 0
0 0
8431 0
0 0
0 0
0 0
0 0
8436 0
0 0
0 0
0 0
0 0
8441 0
0 0
0 0
0 0
0 0
8446 0
0 0
0 0
0 0
0 0
8451 0
0 0
0 0
0 0
0 0
8456 0
0 0
0 0
0 0
0 0
8461 0
0 0
0 0
0 0
0 0
8466 0
0 0
0 0
0 0
0 0
8471 0
0 0
0 0
0 0
0 0
8476 0
0 0
0 0
0 0
0 0
8481 0
0 0
0 0
0 0
0 0
8486 0
0 0
0 0
0 0
0 0
8491 1
0 0
0 0
0 0
0 0
8496 1
0 0
0 0
0 0
0 0
8501 1
0 0
0 0
0 0
0 0
8506 0
0 0
0 0
0 0
0 0
8511 1
0 0
0 0
0 0
0 0
8516 0
0 0
0 0
0 0
0 0
8521 0
0 0
0 0
0 0
0 0
8526 0
0 0
0 0
0 0
0 0
8531 0
0 0
0 0
0 0
0 0
8536 0
0 0
0 0
0 0
0 0
8541 0
0 0
0 0
0 0
0 0
8546 0
0 0
0 0
0 0
0 0
8551 1
0 0
0 0
0 0
0 0
8556 1
0 0
0 0
0 0
0 0
8561 0
0 0
0 0
0 0
0 0
8566 0
0 0
0 0
0 0
0 0
8571 0
0 0
0 0
0 0
0 0
8576 0
0 0
0 0
0 0
0 0
8581 0
0 0
0 0
0 0
0 0
8586 1
0 0
0 0
0 0
0 0
8591 0
0 0
0 0
0 0
0 0
8596 1
0 0
0 0
0 0
0 0
8601 0
0 0
0 0
0 0
0 0
8606 1
0 0
0 0
0 0
0 0
8611 2
0 0
0 0
0 0
0 0
8616 1
0 0
0 0
0 0
0 0
8621 2
0 0
0 0
0 0
0 0
8626 2
0 0
0 0
0 0
0 0
8631 1
0 0
0 0
0 0
0 0
8636 0
0 0
0 0
0 0
0 0
8641 0
0 0
0 0
0 0
0 0
8646 0
0 0
0 0
0 0
0 0
8651 0
0 0
0 0
0 0
0 0
8656 0
0 0
0 0
0 0
0 0
8661 0
0 0
0 0
0 0
0 0
8666 0
0 0
0 0
0 0
0 0
8671 1
0 0
0 0
0 0
0 0
8676 0
0 0
0 0
0 0
0 0
8681 1
0 0
0 0
0 0
0 0
8686 1
0 0
0 0
0 0
0 0
8691 0
0 0
0 0
0 0
0 0
8696 2
0 0
0 0
0 0
0 0
8701 1
0 0
0 0
0 0
0 0
8706 1
0 0
0 0
0 0
0 0
8711 1
0 0
0 0
0 0
0 0
8716 2
0 0
0 0
0 0
0 0
8721 0
0 0
0 0
0 0
0 0
8726 0
0 0
0 0
0 0
0 0
8731 0
0 0
0 0
0 0
0 0
8736 1
0 0
0 0
0 0
0 0
8741 1
0 0
0 0
0 0
0 0
8746 2
0 0
0 0
0 0
0 0
8751 0
0 0
0 0
0 0
0 0
8756 2
0 0
0 0
0 0
0 0
8761 0
0 0
0 0
0 0
0 0
8766 0
0 0
0 0
0 0
0 0
8771 1
0 0
0 0
0 0
0 0
8776 1
0 0
0 0
0 0
0 0
8781 0
0 0
0 0
0 0
0 0
8786 0
0 0
0 0
0 0
0 0
8791 0
0 0
0 0
0 0
0 0
8796 1
0 0
0 0
0 0
0 0
8801 0
0 0
0 0
0 0
0 0
8806 1
0 0
0 0
0 0
0 0
8811 1
0 0
0 0
0 0
0 0
8816 2
0 0
0 0
0 0
0 0
8821 1
0 0
0 0
0 0
0 0
8826 2
0 0
0 0
0 0
0 0
8831 0
0 0
0 0
0 0
0 0
8836 1
0 0
0 0
0 0
0 0
8841 1
0 0
0 0
0 0
0 0
8846 2
0 0
0 0
0 0
0 0
8851 0
0 0
0 0
0 0
0 0
8856 0
0 0
0 0
0 0
0 0
8861 1
0 0
0 0
0 0
0 0
8866 1
0 0
0 0
0 0
0 0
8871 1
0 0
0 0
0 0
0 0
8876 1
0 0
0 0
0 0
0 0
8881 1
0 0
0 0
0 0
0 0
8886 0
0 0
0 0
0 0
0 0
8891 1
0 0
0 0
0 0
0 0
8896 1
0 0
0 0
0 0
0 0
8901 0
0 0
0 0
0 0
0 0
8906 1
0 0
0 0
0 0
0 0
8911 1
0 0
0 0
0 0
0 0
8916 1
0 0
0 0
0 0
0 0
8921 0
0 0
0 0
0 0
0 0
8926 0
0 0
0 0
0 0
0 0
8931 1
0 0
0 0
0 0
0 0
8936 1
0 0
0 0
0 0
0 0
8941 2
0 0
0 0
0 0
0 0
0 0
0 0
0 0
0 0
0 0
