0 0
1 0
2 0
3 0
4 0
5 0
6 0
7 0
8 0
9 0
10 0
11 0
12 1
13 1
14 1
15 11
16 15
17 15
18 31
19 37
20 35
21 17
22 15
23 44
24 128
25 334
26 144
27 60
28 59
29 560
30 721
31 809
32 1152
33 1776
34 1854
35 1501
36 1559
37 2805
38 4107
39 5329
40 6250
41 7054
42 7617
43 8072
44 8162
45 8234
46 8429
47 8568
48 6103
49 6396
50 6004
51 6152
52 5918
53 5443
54 4227
55 3658
56 4000
57 4298
58 4568
59 4630
60 4659
61 4633
62 4656
63 4549
64 4762
65 4962
66 4623
67 4642
68 5005
69 5123
70 5252
71 5528
72 5631
73 5709
74 5846
75 5879
76 5735
77 5714
78 5169
79 5394
80 5504
81 5502
82 4895
83 4734
84 4923
85 4640
86 4902
87 4979
88 4769
89 4666
90 5058
91 4742
92 5041
93 5228
94 5338
95 5232
96 4983
97 5122
98 5121
99 4268
100 3332
101 2224
102 2345
103 3910
104 5396
105 6385
106 5946
107 6396
108 6203
109 6080
110 5991
111 6641
112 6670
113 6595
114 6794
115 6969
116 6978
117 7135
118 6685
119 6551
120 6778
121 6871
122 7059
123 6999
124 7162
125 7037
126 6963
127 7031
128 7040
129 7115
130 7026
131 7209
132 7260
133 7347
134 7211
135 7197
136 7295
137 7336
138 6660
139 6811
140 7117
141 6964
142 7027
143 7115
144 7137
145 7245
146 7223
147 7134
148 7233
149 7349
150 7393
151 7513
152 7340
153 7410
154 7301
155 7339
156 7399
157 7471
158 7557
159 7376
160 7593
161 7385
162 7429
163 7326
164 7299
165 7380
166 7309
167 7381
168 6599
169 6816
170 6903
171 7031
172 7202
173 7181
174 7225
175 7215
176 7234
177 7276
178 7188
179 7267
180 7122
181 7235
182 7391
183 7282
184 7432
185 7280
186 7233
187 7232
188 7235
189 7261
190 7373
191 7285
192 7221
193 7291
194 7184
195 7370
196 7339
197 7105
198 6613
199 6786
200 6969
201 7243
202 7263
203 7208
204 7290
205 7318
206 7416
207 7397
208 7482
209 7441
210 7544
211 7464
212 7387
213 7527
214 7419
215 7621
216 7502
217 7628
218 7534
219 7401
220 7482
221 7523
222 7598
223 7520
224 7579
225 7543
226 7582
227 7638
228 6830
229 7051
230 7278
231 7204
232 7266
233 7396
234 7429
235 7592
236 7502
237 7647
238 7574
239 7554
240 7604
241 7643
242 7558
243 7418
244 7373
245 7428
246 7585
247 7506
248 7506
249 7524
250 7607
251 7549
252 7586
253 7694
254 7690
255 7673
256 7685
257 7618
258 6701
259 7104
260 7296
261 7449
262 7394
263 7562
264 7590
265 7563
266 7622
267 7465
268 7421
269 7486
270 7408
271 7501
272 7459
273 7426
274 7551
275 7556
276 7475
277 7648
278 7573
279 7593
280 7608
281 7413
282 7213
283 7373
284 7439
285 7246
286 6887
287 6661
288 5385
289 4567
290 4944
291 5651
292 5672
293 5403
294 5318
295 5552
296 5286
297 5434
298 5432
299 5589
300 5620
301 5598
302 5533
303 4548
304 3743
305 2621
306 2011
307 1714
308 1698
309 2254
310 2836
311 2746
312 2127
313 1937
314 2315
315 2979
316 3278
317 2540
318 1703
319 1707
320 1874
321 2605
322 2974
323 2009
324 2212
325 3265
326 3327
327 2395
328 1715
329 3634
330 4772
331 3444
332 1490
333 923
334 811
335 640
336 550
337 528
338 501
339 1088
340 1132
341 1073
342 1078
343 1419
344 1253
345 1372
346 2116
347 2268
348 1434
349 1274
350 1106
351 1303
352 1538
353 1198
354 834
355 755
356 921
357 997
358 993
359 1088
360 1065
361 1198
362 1248
363 1140
364 818
365 573
366 760
367 417
368 311
369 511
370 563
371 537
372 327
373 282
374 318
375 324
376 378
377 363
378 325
379 175
380 147
381 356
382 210
383 148
384 314
385 323
386 243
387 290
388 207
389 301
390 215
391 371
392 307
393 255
394 313
395 392
396 331
397 329
398 471
399 403
400 212
401 302
402 208
403 368
404 594
405 412
406 446
407 506
408 469
409 278
410 252
411 348
412 322
413 173
414 58
415 41
416 19
417 4
418 1
419 1
420 1
421 1
422 15
423 26
424 10
425 3
426 4
427 4
428 1
429 2
430 3
431 5
432 2
433 1
434 0
435 26
436 114
437 1006
438 1650
439 1926
440 2502
441 2537
442 2155
443 1711
444 1624
445 1824
446 2047
447 2061
448 2694
449 5318
450 4952
451 3936
452 4152
453 4352
454 3409
455 1766
456 2626
457 2941
458 1689
459 2500
460 3109
461 1425
462 82
463 43
464 349
465 199
466 22
467 30
468 18
469 71
470 134
471 87
472 49
473 28
474 19
475 4
476 0
477 14
478 32
479 46
480 119
481 66
482 122
483 216
484 444
485 347
486 302
487 298
488 453
489 858
490 782
491 909
492 1020
493 552
494 648
495 558
496 407
497 344
498 297
499 276
500 285
501 316
502 366
503 498
504 1314
505 824
506 547
507 551
508 450
509 460
510 472
511 466
512 305
513 333
514 365
515 179
516 96
517 99
518 81
519 198
520 253
521 360
522 105
523 147
524 176
525 466
526 500
527 709
528 406
529 508
530 17
531 53
532 32
533 26
534 23
535 6
536 1
537 0
538 1
539 1
540 0
541 1
542 1
543 1
544 3
545 42
546 231
547 235
548 189
549 119
550 13
551 12
552 9
553 8
554 6
555 15
556 4
557 10
558 9
559 77
560 46
561 100
562 483
563 124
564 143
565 100
566 125
567 117
568 146
569 170
570 205
571 226
572 135
573 137
574 181
575 162
576 7
577 0
578 1
579 5
580 48
581 15
582 102
583 105
584 76
585 95
586 146
587 126
588 157
589 434
590 904
591 189
592 119
593 203
594 222
595 232
596 240
597 270
598 431
599 1203
600 573
601 246
602 134
603 99
604 161
605 214
606 318
607 391
608 410
609 67
610 454
611 744
612 582
613 604
614 541
615 917
616 528
617 635
618 265
619 397
620 89
621 49
622 75
623 8
624 33
625 1
626 2
627 4
628 23
629 22
630 30
631 11
632 8
633 7
634 5
635 39
636 38
637 3
638 10
639 11
640 6
641 4
642 14
643 82
644 96
645 95
646 165
647 239
648 212
649 140
650 184
651 374
652 389
653 105
654 50
655 57
656 102
657 70
658 33
659 23
660 57
661 61
662 166
663 92
664 74
665 88
666 43
667 108
668 145
669 191
670 157
671 114
672 53
673 94
674 76
675 83
676 64
677 85
678 155
679 281
680 324
681 289
682 70
683 87
684 90
685 116
686 129
687 109
688 109
689 142
690 201
691 376
692 753
693 95
694 201
695 415
696 255
697 160
698 191
699 187
700 221
701 353
702 542
703 416
704 208
705 153
706 206
707 292
708 324
709 403
710 250
711 58
712 47
713 121
714 523
715 243
716 397
717 265
718 130
719 432
720 173
721 318
722 340
723 215
724 275
725 221
726 181
727 132
728 119
729 94
730 163
731 373
732 334
733 150
734 111
735 121
736 161
737 211
738 277
739 459
740 496
741 316
742 289
743 231
744 232
745 251
746 274
747 303
748 222
749 190
750 223
751 264
752 255
753 254
754 233
755 303
756 426
757 223
758 566
759 544
760 385
761 265
762 257
763 343
764 614
765 918
766 1080
767 960
768 675
769 615
770 484
771 553
772 642
773 703
774 766
775 814
776 999
777 1263
778 1336
779 1180
780 1206
781 1285
782 1420
783 1228
784 918
785 1117
786 1291
787 809
788 521
789 429
790 525
791 598
792 673
793 721
794 853
795 900
796 900
797 1028
798 985
799 1079
800 923
801 924
802 816
803 583
804 546
805 549
806 500
807 621
808 656
809 165
810 291
811 484
812 465
813 526
814 626
815 374
816 137
817 35
818 251
819 3
820 40
821 43
822 20
823 277
824 259
825 198
826 88
827 126
828 184
829 111
830 200
831 257
832 91
833 20
834 189
835 126
836 71
837 56
838 72
839 73
840 78
841 168
842 231
843 110
844 143
845 150
846 70
847 166
848 242
849 199
850 279
851 333
852 360
853 378
854 322
855 174
856 59
857 25
858 13
859 5
860 40
861 79
862 32
863 8
864 10
865 0
866 2
867 5
868 47
869 110
870 192
871 224
872 84
873 43
874 33
875 45
876 141
877 101
878 83
879 36
880 1
881 1
882 1
883 2
884 2
885 1
886 20
887 18
888 19
889 21
890 9
891 10
892 13
893 45
894 53
895 127
896 75
897 49
898 60
899 100
900 272
901 274
902 243
903 131
904 124
905 148
906 291
907 178
908 262
909 293
910 309
911 241
912 135
913 60
914 3
915 9
916 16
917 15
918 40
919 76
920 29
921 19
922 12
923 26
924 4
925 8
926 9
927 118
928 177
929 167
930 101
931 49
932 94
933 45
934 54
935 90
936 117
937 168
938 221
939 231
940 265
941 319
942 152
943 67
944 327
945 49
946 53
947 81
948 169
949 455
950 273
951 438
952 317
953 16
954 3
955 0
956 16
957 45
958 67
959 83
960 119
961 184
962 321
963 525
964 493
965 389
966 241
967 81
968 42
969 53
970 49
971 112
972 89
973 57
974 100
975 94
976 83
977 82
978 12
979 34
980 1
981 1
982 1
983 0
984 1
985 1
986 7
987 46
988 45
989 50
990 11
991 17
992 0
993 1
994 2
995 1
996 7
997 13
998 6
999 50
1000 81
1001 200
1002 155
1003 307
1004 197
1005 116
1006 117
1007 110
1008 99
1009 41
1010 72
1011 73
1012 159
1013 224
1014 266
1015 2
1016 2
1017 0
1018 1
1019 2
1020 2
1021 83
1022 52
1023 92
1024 154
1025 148
1026 170
1027 202
1028 50
1029 17
1030 4
1031 21
1032 38
1033 63
1034 21
1035 12
1036 27
1037 64
1038 159
1039 218
1040 102
1041 17
1042 48
1043 113
1044 194
1045 335
1046 177
1047 70
1048 30
1049 24
1050 20
1051 22
1052 57
1053 75
1054 444
1055 336
1056 400
1057 219
1058 45
1059 28
1060 10
1061 0
1062 1
1063 4
1064 57
1065 86
1066 92
1067 38
1068 19
1069 8
1070 2
1071 3
1072 6
1073 12
1074 14
1075 7
1076 3
1077 11
1078 10
1079 5
1080 15
1081 3
1082 0
1083 2
1084 1
1085 2
1086 0
1087 1
1088 0
1089 9
1090 9
1091 15
1092 40
1093 21
1094 31
1095 48
1096 39
1097 37
1098 42
1099 13
1100 8
1101 3
1102 4
1103 6
1104 9
1105 8
1106 16
1107 27
1108 33
1109 20
1110 29
1111 25
1112 30
1113 30
1114 46
1115 40
1116 47
1117 43
1118 24
1119 5
1120 6
1121 18
1122 12
1123 12
1124 4
1125 2
1126 3
1127 6
1128 7
1129 5
1130 11
1131 35
1132 37
1133 28
1134 25
1135 42
1136 44
1137 20
1138 5
1139 1
1140 1
1141 0
1142 0
1143 1
1144 1
1145 1
1146 1
1147 4
1148 1
1149 0
1150 1
1151 1
1152 0
1153 0
1154 17
1155 12
1156 2
1157 0
1158 0
1159 0
1160 4
1161 1
1162 1
1163 1
1164 1
1165 1
1166 1
1167 4
1168 11
1169 19
1170 12
1171 9
1172 8
1173 4
1174 6
1175 1
1176 2
1177 1
1178 1
1179 2
1180 1
1181 3
1182 0
1183 0
1184 0
1185 2
1186 11
1187 15
1188 10
1189 33
1190 23
1191 18
1192 24
1193 27
1194 31
1195 5
1196 1
1197 3
1198 7
1199 13
1200 27
1201 32
1202 21
1203 13
1204 29
1205 18
1206 9
1207 12
1208 12
1209 2
1210 1
1211 4
1212 6
1213 10
1214 8
1215 5
1216 5
1217 6
1218 6
1219 9
1220 5
1221 0
1222 3
1223 4
1224 2
1225 2
1226 0
1227 0
1228 1
1229 4
1230 5
1231 5
1232 9
1233 10
1234 9
1235 14
1236 9
1237 18
1238 14
1239 19
1240 16
1241 14
1242 2
1243 10
1244 9
1245 10
1246 5
1247 3
1248 2
1249 2
1250 4
1251 6
1252 9
1253 12
1254 14
1255 15
1256 16
1257 14
1258 11
1259 20
1260 15
1261 17
1262 16
1263 18
1264 23
1265 12
1266 3
1267 4
1268 3
1269 3
1270 2
1271 1
1272 3
1273 3
1274 8
1275 13
1276 5
1277 4
1278 5
1279 2
1280 0
1281 6
1282 1
1283 0
1284 0
1285 0
1286 0
1287 0
1288 4
1289 2
1290 2
1291 3
1292 3
1293 2
1294 0
1295 2
1296 2
1297 3
1298 2
1299 7
1300 4
1301 5
1302 6
1303 0
1304 0
1305 0
1306 3
1307 1
1308 1
1309 2
1310 3
1311 2
1312 2
1313 2
1314 0
1315 0
1316 1
1317 1
1318 0
1319 0
1320 0
1321 0
1322 2
1323 2
1324 4
1325 10
1326 6
1327 6
1328 7
1329 3
1330 2
1331 1
1332 1
1333 2
1334 4
1335 3
1336 4
1337 4
1338 7
1339 5
1340 8
1341 10
1342 9
1343 17
1344 5
1345 6
1346 7
1347 13
1348 14
1349 16
1350 11
1351 9
1352 8
1353 8
1354 12
1355 11
1356 12
1357 9
1358 4
1359 10
1360 14
1361 9
1362 11
1363 9
1364 9
1365 13
1366 11
1367 10
1368 9
1369 10
1370 7
1371 5
1372 6
1373 7
1374 12
1375 10
1376 9
1377 9
1378 8
1379 4
1380 4
1381 3
1382 1
1383 3
1384 7
1385 5
1386 11
1387 24
1388 28
1389 24
1390 28
1391 29
1392 19
1393 8
1394 6
1395 5
1396 5
1397 12
1398 13
1399 15
1400 19
1401 13
1402 12
1403 35
1404 34
1405 30
1406 16
1407 10
1408 10
1409 11
1410 6
1411 7
1412 10
1413 16
1414 19
1415 14
1416 16
1417 28
1418 30
1419 19
1420 11
1421 5
1422 7
1423 2
1424 1
1425 2
1426 3
1427 5
1428 9
1429 13
1430 13
1431 26
1432 46
1433 38
1434 42
1435 52
1436 38
1437 17
1438 8
1439 2
1440 3
1441 3
1442 3
1443 4
1444 11
1445 19
1446 20
1447 14
1448 21
1449 33
1450 22
1451 21
1452 8
1453 5
1454 1
1455 1
1456 1
1457 1
1458 2
1459 0
1460 0
1461 2
1462 5
1463 9
1464 13
1465 9
1466 8
1467 11
1468 9
1469 9
1470 8
1471 10
1472 18
1473 12
1474 8
1475 3
1476 2
1477 5
1478 3
1479 7
1480 5
1481 6
1482 14
1483 17
1484 47
1485 51
1486 57
1487 42
1488 26
1489 21
1490 19
1491 14
1492 10
1493 11
1494 10
1495 11
1496 15
1497 19
1498 32
1499 40
1500 51
1501 74
1502 87
1503 49
1504 29
1505 18
1506 16
1507 11
1508 3
1509 7
1510 8
1511 14
1512 26
1513 23
1514 30
1515 44
1516 40
1517 44
1518 22
1519 13
1520 9
1521 5
1522 4
1523 2
1524 3
1525 8
1526 6
1527 11
1528 10
1529 7
1530 6
1531 14
1532 12
1533 25
1534 30
1535 20
1536 11
1537 4
1538 6
1539 4
1540 8
1541 2
1542 3
1543 7
1544 6
1545 6
1546 23
1547 26
1548 14
1549 10
1550 5
1551 7
1552 7
1553 6
1554 3
1555 4
1556 4
1557 2
1558 6
1559 8
1560 11
1561 8
1562 6
1563 18
1564 25
1565 8
1566 3
1567 0
1568 1
1569 1
1570 1
1571 4
1572 6
1573 12
1574 36
1575 26
1576 13
1577 14
1578 12
1579 18
1580 9
1581 7
1582 7
1583 3
1584 1
1585 0
1586 1
1587 0
1588 3
1589 12
1590 14
1591 25
1592 14
1593 11
1594 10
1595 13
1596 11
1597 14
1598 15
1599 9
1600 7
1601 8
1602 7
1603 6
1604 4
1605 0
1606 0
1607 1
1608 3
1609 4
1610 5
1611 9
1612 8
1613 22
1614 22
1615 11
1616 7
1617 17
1618 47
1619 11
1620 2
1621 0
1622 1
1623 4
1624 1
1625 1
1626 0
1627 1
1628 4
1629 4
1630 4
1631 3
1632 6
1633 6
1634 8
1635 4
1636 4
1637 6
1638 16
1639 10
1640 11
1641 4
1642 5
1643 1
1644 1
1645 0
1646 2
1647 2
1648 1
1649 10
1650 9
1651 5
1652 6
1653 2
1654 1
1655 0
1656 1
1657 4
1658 7
1659 2
1660 1
1661 1
1662 1
1663 0
1664 1
1665 0
1666 4
1667 2
1668 2
1669 1
1670 2
1671 4
1672 5
1673 16
1674 17
1675 6
1676 7
1677 2
1678 0
1679 2
1680 6
1681 11
1682 17
1683 15
1684 12
1685 9
1686 7
1687 4
1688 1
1689 11
1690 11
1691 15
1692 15
1693 10
1694 12
1695 9
1696 8
1697 12
1698 11
1699 19
1700 28
1701 27
1702 14
1703 6
1704 6
1705 4
1706 2
1707 1
1708 0
1709 4
1710 4
1711 8
1712 12
1713 23
1714 22
1715 23
1716 16
1717 22
1718 23
1719 12
1720 13
1721 8
1722 3
1723 2
1724 3
1725 6
1726 12
1727 13
1728 16
1729 17
1730 19
1731 20
1732 20
1733 16
1734 13
1735 12
1736 9
1737 5
1738 6
1739 6
1740 5
1741 7
1742 7
1743 10
1744 15
1745 15
1746 11
1747 10
1748 7
1749 10
1750 13
1751 15
1752 9
1753 8
1754 10
1755 7
1756 5
1757 9
1758 7
1759 1
1760 3
1761 9
1762 11
1763 12
1764 10
1765 10
1766 4
1767 4
1768 7
1769 10
1770 8
1771 6
1772 5
1773 4
1774 3
1775 4
1776 2
1777 7
1778 5
1779 5
1780 5
1781 5
1782 5
1783 5
1784 5
1785 2
1786 5
1787 4
1788 4
1789 5
1790 5
1791 6
1792 4
1793 3
1794 2
1795 2
1796 2
1797 1
1798 2
1799 2
1800 2
1801 3
1802 2
1803 2
1804 9
1805 11
1806 18
1807 18
1808 10
1809 6
1810 4
1811 2
1812 2
1813 3
1814 3
1815 1
1816 1
1817 0
1818 1
1819 2
1820 2
1821 4
1822 8
1823 10
1824 6
1825 4
1826 0
1827 1
1828 1
1829 1
1830 2
1831 5
1832 9
1833 6
1834 5
1835 4
1836 10
1837 7
1838 3
1839 6
1840 1
1841 2
1842 1
1843 4
1844 3
1845 2
1846 5
1847 13
1848 11
1849 7
1850 2
1851 4
1852 5
1853 2
1854 5
1855 6
1856 4
1857 10
1858 8
1859 12
1860 10
1861 6
1862 5
1863 4
1864 4
1865 4
1866 3
1867 2
1868 5
1869 4
1870 4
1871 11
1872 7
1873 9
1874 5
1875 4
1876 3
1877 1
1878 5
1879 4
1880 1
1881 4
1882 6
1883 6
1884 7
1885 4
1886 5
1887 8
1888 7
1889 3
1890 0
1891 2
1892 3
1893 5
1894 13
1895 6
1896 9
1897 11
1898 8
1899 2
1900 4
1901 7
1902 6
1903 6
1904 5
1905 7
1906 6
1907 3
1908 3
1909 4
1910 5
1911 4
1912 7
1913 6
1914 5
1915 2
1916 1
1917 1
1918 5
1919 16
1920 17
1921 6
1922 5
1923 3
1924 1
1925 8
1926 3
1927 4
1928 5
1929 5
1930 3
1931 4
1932 2
1933 4
1934 4
1935 8
1936 4
1937 10
1938 8
1939 4
1940 4
1941 2
1942 1
1943 1
1944 2
1945 6
1946 1
1947 2
1948 0
1949 0
1950 11
1951 35
1952 49
1953 32
1954 25
1955 20
1956 32
1957 26
1958 37
1959 28
1960 19
1961 5
1962 4
1963 3
1964 7
1965 5
1966 7
1967 7
1968 12
1969 20
1970 17
1971 16
1972 23
1973 32
1974 31
1975 33
1976 28
1977 21
1978 15
1979 4
1980 1
1981 1
1982 1
1983 3
1984 7
1985 10
1986 10
1987 8
1988 12
1989 14
1990 32
1991 27
1992 21
1993 21
1994 18
1995 22
1996 18
1997 17
1998 7
1999 1
2000 1
2001 3
2002 3
2003 1
2004 2
2005 2
2006 4
2007 4
2008 7
2009 11
2010 15
2011 14
2012 18
2013 17
2014 11
2015 2
2016 7
2017 11
2018 5
2019 8
2020 4
2021 3
2022 7
2023 9
2024 10
2025 13
2026 19
2027 24
2028 16
2029 13
2030 10
2031 7
2032 8
2033 8
2034 5
2035 11
2036 15
2037 17
2038 16
2039 11
2040 24
2041 21
2042 19
2043 21
2044 15
2045 12
2046 9
2047 5
2048 6
2049 11
2050 11
2051 16
2052 19
2053 31
2054 30
2055 29
2056 21
2057 25
2058 25
2059 19
2060 18
2061 21
2062 22
2063 24
2064 11
2065 19
2066 18
2067 25
2068 18
2069 14
2070 8
2071 11
2072 7
2073 6
2074 7
2075 7
2076 18
2077 14
2078 11
2079 14
2080 6
2081 6
2082 6
2083 5
2084 7
2085 4
2086 1
2087 13
2088 6
2089 10
2090 9
2091 9
2092 17
2093 12
2094 14
2095 17
2096 18
2097 24
2098 23
2099 25
2100 26
2101 26
2102 18
2103 31
2104 24
2105 25
2106 32
2107 27
2108 31
2109 21
2110 27
2111 27
2112 22
2113 24
2114 14
2115 17
2116 10
2117 14
2118 7
2119 10
2120 15
2121 12
2122 8
2123 5
2124 3
2125 3
2126 6
2127 3
2128 3
2129 7
2130 2
2131 6
2132 5
2133 5
2134 2
2135 3
2136 5
2137 4
2138 4
2139 3
2140 3
2141 1
2142 2
2143 7
2144 6
2145 3
2146 3
2147 5
2148 5
2149 2
2150 3
2151 2
2152 3
2153 3
2154 8
2155 9
2156 10
2157 17
2158 9
2159 11
2160 11
2161 7
2162 6
2163 5
2164 6
2165 8
2166 11
2167 10
2168 18
2169 15
2170 17
2171 12
2172 12
2173 13
2174 14
2175 19
2176 15
2177 16
2178 14
2179 22
2180 16
2181 16
2182 16
2183 19
2184 11
2185 8
2186 6
2187 4
2188 2
2189 4
2190 2
2191 2
2192 4
2193 5
2194 7
2195 3
2196 1
2197 4
2198 4
2199 0
2200 2
2201 1
2202 3
2203 1
2204 1
2205 3
2206 0
2207 2
2208 1
2209 2
2210 2
2211 2
2212 1
2213 2
2214 0
2215 0
2216 0
2217 2
2218 2
2219 0
2220 2
2221 3
2222 0
2223 2
2224 2
2225 0
2226 4
2227 4
2228 4
2229 3
2230 2
2231 3
2232 3
2233 2
2234 1
2235 0
2236 0
2237 0
2238 0
2239 0
2240 1
2241 1
2242 0
2243 0
2244 1
2245 2
2246 1
2247 3
2248 0
2249 0
2250 0
2251 0
2252 0
2253 0
2254 1
2255 2
2256 2
2257 1
2258 3
2259 3
2260 4
2261 7
2262 7
2263 10
2264 10
2265 1
2266 0
2267 0
2268 0
2269 1
2270 3
2271 3
2272 3
2273 0
2274 0
2275 0
2276 0
2277 0
2278 0
2279 0
2280 0
2281 0
2282 1
2283 2
2284 1
2285 0
2286 2
2287 1
2288 1
2289 1
2290 2
2291 1
2292 2
2293 1
2294 2
2295 0
2296 0
2297 1
2298 2
2299 2
2300 1
2301 0
2302 0
2303 0
2304 0
2305 0
2306 0
2307 0
2308 5
2309 6
2310 12
2311 6
2312 6
2313 11
2314 12
2315 7
2316 7
2317 4
2318 1
2319 1
2320 1
2321 1
2322 2
2323 6
2324 6
2325 9
2326 22
2327 11
2328 2
2329 4
2330 4
2331 4
2332 3
2333 4
2334 4
2335 3
2336 4
2337 3
2338 4
2339 4
2340 17
2341 14
2342 15
2343 13
2344 16
2345 11
2346 15
2347 18
2348 24
2349 20
2350 19
2351 15
2352 9
2353 7
2354 6
2355 5
2356 11
2357 12
2358 13
2359 16
2360 20
2361 23
2362 27
2363 21
2364 29
2365 21
2366 32
2367 45
2368 58
2369 93
2370 125
2371 10
2372 0
2373 0
2374 0
2375 4
2376 43
2377 83
2378 104
2379 90
2380 77
2381 74
2382 93
2383 77
2384 53
2385 35
2386 29
2387 24
2388 25
2389 29
2390 32
2391 25
2392 28
2393 23
2394 23
2395 19
2396 15
2397 11
2398 17
2399 17
2400 15
2401 11
2402 6
2403 7
2404 6
2405 5
2406 8
2407 14
2408 13
2409 20
2410 19
2411 10
2412 5
2413 5
2414 3
2415 4
2416 2
2417 4
2418 3
2419 6
2420 4
2421 4
2422 2
2423 2
2424 2
2425 2
2426 2
2427 2
2428 4
2429 1
2430 2
2431 2
2432 3
2433 3
2434 3
2435 4
2436 3
2437 2
2438 3
2439 3
2440 1
2441 7
2442 10
2443 7
2444 8
2445 4
2446 6
2447 4
2448 5
2449 3
2450 5
2451 9
2452 6
2453 13
2454 14
2455 16
2456 13
2457 10
2458 10
2459 11
2460 10
2461 11
2462 9
2463 10
2464 8
2465 12
2466 8
2467 9
2468 12
2469 14
2470 11
2471 6
2472 4
2473 7
2474 9
2475 6
2476 6
2477 11
2478 12
2479 10
2480 6
2481 6
2482 7
2483 4
2484 5
2485 5
2486 13
2487 8
2488 19
2489 15
2490 15
2491 8
2492 7
2493 7
2494 8
2495 7
2496 13
2497 11
2498 14
2499 8
2500 6
2501 10
2502 6
2503 9
2504 8
2505 9
2506 8
2507 11
2508 7
2509 6
2510 4
2511 2
2512 2
2513 2
2514 3
2515 4
2516 5
2517 4
2518 4
2519 6
2520 13
2521 16
2522 15
2523 7
2524 5
2525 6
2526 3
2527 4
2528 8
2529 15
2530 19
2531 14
2532 13
2533 7
2534 5
2535 6
2536 6
2537 11
2538 18
2539 25
2540 16
2541 5
2542 9
2543 10
2544 15
2545 15
2546 21
2547 21
2548 16
2549 17
2550 28
2551 37
2552 35
2553 32
2554 27
2555 33
2556 26
2557 25
2558 21
2559 20
2560 24
2561 26
2562 30
2563 36
2564 31
2565 18
2566 25
2567 23
2568 32
2569 43
2570 44
2571 36
2572 15
2573 11
2574 9
2575 9
2576 16
2577 33
2578 34
2579 25
2580 23
2581 18
2582 12
2583 17
2584 10
2585 6
2586 14
2587 26
2588 32
2589 14
2590 7
2591 3
2592 4
2593 2
2594 4
2595 6
2596 3
2597 14
2598 16
2599 17
2600 5
2601 3
2602 1
2603 1
2604 1
2605 1
2606 3
2607 3
2608 8
2609 14
2610 8
2611 6
2612 4
2613 5
2614 3
2615 6
2616 4
2617 6
2618 5
2619 2
2620 3
2621 5
2622 6
2623 6
2624 12
2625 8
2626 8
2627 10
2628 10
2629 5
2630 2
2631 9
2632 7
2633 7
2634 6
2635 6
2636 5
2637 7
2638 4
2639 6
2640 3
2641 3
2642 4
2643 4
2644 5
2645 4
2646 5
2647 3
2648 7
2649 8
2650 7
2651 6
2652 8
2653 12
2654 8
2655 7
2656 7
2657 5
2658 7
2659 5
2660 6
2661 5
2662 4
2663 5
2664 5
2665 7
2666 9
2667 6
2668 10
2669 18
2670 10
2671 7
2672 6
2673 5
2674 6
2675 9
2676 7
2677 5
2678 6
2679 5
2680 7
2681 5
2682 5
2683 7
2684 7
2685 5
2686 5
2687 5
2688 5
2689 6
2690 6
2691 5
2692 4
2693 5
2694 5
2695 7
2696 5
2697 6
2698 6
2699 5
2700 5
2701 6
2702 4
2703 3
2704 5
2705 6
2706 5
2707 3
2708 2
2709 4
2710 7
2711 10
2712 12
2713 11
2714 14
2715 16
2716 17
2717 19
2718 14
2719 7
2720 7
2721 3
2722 4
2723 4
2724 4
2725 3
2726 5
2727 5
2728 5
2729 3
2730 2
2731 5
2732 4
2733 5
2734 7
2735 8
2736 9
2737 7
2738 7
2739 5
2740 3
2741 2
2742 3
2743 2
2744 4
2745 4
2746 5
2747 4
2748 5
2749 3
2750 4
2751 4
2752 3
2753 5
2754 3
2755 3
2756 4
2757 5
2758 4
2759 4
2760 4
2761 9
2762 7
2763 5
2764 9
2765 8
2766 9
2767 8
2768 7
2769 2
2770 3
2771 4
2772 1
2773 1
2774 3
2775 1
2776 1
2777 3
2778 2
2779 2
2780 3
2781 3
2782 3
2783 3
2784 5
2785 4
2786 5
2787 4
2788 4
2789 3
2790 4
2791 4
2792 5
2793 6
2794 5
2795 4
2796 4
2797 6
2798 5
2799 7
2800 5
2801 5
2802 5
2803 3
2804 8
2805 5
2806 6
2807 10
2808 9
2809 8
2810 5
2811 4
2812 2
2813 2
2814 5
2815 3
2816 4
2817 2
2818 5
2819 3
2820 2
2821 3
2822 3
2823 4
2824 5
2825 5
2826 8
2827 8
2828 6
2829 7
2830 9
2831 12
2832 8
2833 8
2834 7
2835 7
2836 5
2837 4
2838 2
2839 4
2840 4
2841 3
2842 6
2843 8
2844 6
2845 12
2846 13
2847 9
2848 11
2849 7
2850 10
2851 18
2852 21
2853 16
2854 11
2855 10
2856 12
2857 7
2858 4
2859 7
2860 6
2861 4
2862 3
2863 5
2864 9
2865 9
2866 7
2867 5
2868 5
2869 9
2870 11
2871 7
2872 6
2873 5
2874 7
2875 6
2876 3
2877 5
2878 3
2879 2
2880 5
2881 5
2882 4
2883 6
2884 7
2885 4
2886 2
2887 3
2888 5
2889 4
2890 7
2891 6
2892 5
2893 3
2894 6
2895 4
2896 7
2897 6
2898 6
2899 8
2900 3
2901 7
2902 5
2903 9
2904 6
2905 5
2906 6
2907 8
2908 12
2909 4
2910 10
2911 26
2912 28
2913 27
2914 23
2915 20
2916 10
2917 8
2918 4
2919 8
2920 2
2921 4
2922 7
2923 6
2924 4
2925 8
2926 8
2927 6
2928 1
2929 1
2930 3
2931 4
2932 2
2933 6
2934 4
2935 4
2936 2
2937 4
2938 4
2939 8
2940 5
2941 3
2942 2
2943 3
2944 2
2945 2
2946 2
2947 1
2948 2
2949 4
2950 3
2951 6
2952 5
2953 6
2954 6
2955 4
2956 8
2957 7
2958 8
2959 7
2960 3
2961 4
2962 2
2963 3
2964 4
2965 4
2966 8
2967 8
2968 9
2969 11
2970 10
2971 9
2972 4
2973 6
2974 3
2975 7
2976 3
2977 4
2978 5
2979 3
2980 3
2981 3
2982 3
2983 4
2984 6
2985 5
2986 7
2987 4
2988 5
2989 7
2990 11
2991 10
2992 12
2993 6
2994 7
2995 5
2996 7
2997 9
2998 5
2999 8
3000 4
3001 5
3002 7
3003 6
3004 9
3005 7
3006 3
3007 5
3008 4
3009 6
3010 6
3011 6
3012 7
3013 6
3014 11
3015 8
3016 8
3017 8
3018 8
3019 9
3020 5
3021 9
3022 5
3023 3
3024 6
3025 6
3026 5
3027 4
3028 6
3029 6
3030 6
3031 6
3032 7
3033 3
3034 2
3035 6
3036 2
3037 2
3038 1
3039 0
3040 5
3041 3
3042 3
3043 3
3044 2
3045 6
3046 5
3047 3
3048 7
3049 7
3050 4
3051 10
3052 3
3053 7
3054 11
3055 7
3056 6
3057 5
3058 5
3059 12
3060 16
3061 11
3062 6
3063 12
3064 6
3065 5
3066 9
3067 10
3068 8
3069 11
3070 10
3071 10
3072 12
3073 13
3074 13
3075 9
3076 7
3077 8
3078 11
3079 10
3080 6
3081 2
3082 4
3083 3
3084 8
3085 9
3086 11
3087 11
3088 13
3089 18
3090 10
3091 15
3092 9
3093 12
3094 8
3095 4
3096 6
3097 3
3098 4
3099 3
3100 5
3101 10
3102 5
3103 5
3104 5
3105 3
3106 7
3107 5
3108 6
3109 9
3110 5
3111 8
3112 9
3113 7
3114 22
3115 19
3116 10
3117 9
3118 12
3119 13
3120 11
3121 9
3122 10
3123 8
3124 14
3125 14
3126 14
3127 14
3128 16
3129 15
3130 10
3131 11
3132 6
3133 4
3134 3
3135 5
3136 4
3137 6
3138 6
3139 8
3140 9
3141 10
3142 7
3143 14
3144 13
3145 7
3146 6
3147 11
3148 8
3149 9
3150 6
3151 10
3152 6
3153 8
3154 9
3155 10
3156 8
3157 9
3158 6
3159 7
3160 8
3161 9
3162 10
3163 7
3164 8
3165 9
3166 9
3167 13
3168 8
3169 10
3170 9
3171 7
3172 7
3173 10
3174 6
3175 5
3176 11
3177 9
3178 10
3179 7
3180 12
3181 10
3182 13
3183 12
3184 13
3185 15
3186 17
3187 16
3188 17
3189 21
3190 28
3191 22
3192 18
3193 13
3194 9
3195 7
3196 13
3197 12
3198 11
3199 11
3200 10
3201 9
3202 14
3203 12
3204 15
3205 14
3206 9
3207 10
3208 14
3209 9
3210 3
3211 5
3212 3
3213 12
3214 11
3215 10
3216 11
3217 10
3218 8
3219 9
3220 14
3221 20
3222 13
3223 19
3224 25
3225 18
3226 20
3227 19
3228 20
3229 17
3230 24
3231 20
3232 24
3233 27
3234 27
3235 28
3236 24
3237 28
3238 17
3239 18
3240 16
3241 14
3242 11
3243 12
3244 14
3245 15
3246 24
3247 16
3248 20
3249 16
3250 12
3251 17
3252 17
3253 17
3254 16
3255 13
3256 16
3257 11
3258 10
3259 8
3260 9
3261 7
3262 5
3263 8
3264 9
3265 11
3266 10
3267 16
3268 13
3269 17
3270 11
3271 16
3272 16
3273 20
3274 19
3275 23
3276 23
3277 21
3278 32
3279 32
3280 22
3281 27
3282 35
3283 26
3284 22
3285 25
3286 18
3287 17
3288 20
3289 14
3290 14
3291 13
3292 12
3293 11
3294 14
3295 12
3296 20
3297 23
3298 19
3299 26
3300 21
3301 23
3302 22
3303 14
3304 23
3305 21
3306 16
3307 10
3308 9
3309 10
3310 10
3311 8
3312 6
3313 10
3314 10
3315 10
3316 10
3317 5
3318 9
3319 9
3320 9
3321 9
3322 11
3323 13
3324 12
3325 8
3326 11
3327 10
3328 12
3329 9
3330 9
3331 15
3332 11
3333 13
3334 8
3335 10
3336 13
3337 13
3338 12
3339 15
3340 14
3341 14
3342 16
3343 20
3344 22
3345 24
3346 19
3347 29
3348 32
3349 32
3350 32
3351 23
3352 20
3353 15
3354 12
3355 13
3356 12
3357 12
3358 18
3359 22
3360 32
3361 39
3362 33
3363 41
3364 33
3365 26
3366 30
3367 23
3368 26
3369 30
3370 25
3371 21
3372 17
3373 14
3374 17
3375 23
3376 22
3377 29
3378 34
3379 30
3380 28
3381 23
3382 14
3383 17
3384 18
3385 22
3386 18
3387 12
3388 14
3389 14
3390 13
3391 17
3392 15
3393 26
3394 32
3395 33
3396 32
3397 23
3398 22
3399 11
3400 16
3401 10
3402 11
3403 11
3404 9
3405 9
3406 12
3407 14
3408 21
3409 22
3410 21
3411 28
3412 25
3413 27
3414 32
3415 27
3416 26
3417 23
3418 31
3419 25
3420 25
3421 29
3422 27
3423 32
3424 36
3425 22
3426 13
3427 16
3428 18
3429 20
3430 21
3431 26
3432 25
3433 21
3434 21
3435 18
3436 16
3437 17
3438 15
3439 15
3440 18
3441 12
3442 11
3443 12
3444 11
3445 14
3446 11
3447 12
3448 13
3449 9
3450 12
3451 15
3452 14
3453 17
3454 13
3455 11
3456 13
3457 9
3458 7
3459 9
3460 11
3461 15
3462 17
3463 11
3464 10
3465 12
3466 11
3467 17
3468 18
3469 7
3470 8
3471 9
3472 12
3473 13
3474 12
3475 7
3476 11
3477 12
3478 9
3479 11
3480 6
3481 10
3482 10
3483 11
3484 11
3485 12
3486 14
3487 10
3488 10
3489 11
3490 12
3491 15
3492 9
3493 13
3494 17
3495 17
3496 14
3497 14
3498 10
3499 10
3500 15
3501 18
3502 11
3503 15
3504 17
3505 13
3506 15
3507 14
3508 13
3509 10
3510 13
3511 15
3512 13
3513 21
3514 16
3515 15
3516 20
3517 21
3518 24
3519 20
3520 20
3521 19
3522 17
3523 18
3524 21
3525 23
3526 25
3527 26
3528 23
3529 19
3530 22
3531 17
3532 19
3533 19
3534 18
3535 25
3536 35
3537 38
3538 43
3539 35
3540 40
3541 26
3542 34
3543 23
3544 22
3545 19
3546 26
3547 30
3548 28
3549 50
3550 42
3551 31
3552 29
3553 30
3554 33
3555 20
3556 25
3557 23
3558 20
3559 31
3560 38
3561 42
3562 38
3563 19
3564 17
3565 7
3566 7
3567 7
3568 3
3569 3
3570 1
3571 3
3572 3
3573 2
3574 3
3575 5
3576 6
3577 8
3578 6
3579 5
3580 3
3581 1
3582 3
3583 3
3584 2
3585 4
3586 11
3587 18
3588 9
3589 6
3590 5
3591 2
3592 1
3593 2
3594 4
3595 3
3596 6
3597 5
3598 15
3599 22
3600 22
3601 12
3602 10
3603 12
3604 11
3605 12
3606 16
3607 26
3608 48
3609 85
3610 81
3611 55
3612 37
3613 14
3614 19
3615 23
3616 24
3617 35
3618 38
3619 38
3620 39
3621 39
3622 64
3623 77
3624 128
3625 120
3626 73
3627 73
3628 79
3629 100
3630 211
3631 281
3632 156
3633 58
3634 35
3635 37
3636 35
3637 41
3638 142
3639 188
3640 132
3641 125
3642 114
3643 146
3644 58
3645 32
3646 32
3647 25
3648 25
3649 26
3650 17
3651 23
3652 31
3653 37
3654 47
3655 40
3656 37
3657 40
3658 35
3659 25
3660 24
3661 26
3662 17
3663 18
3664 26
3665 9
3666 9
3667 11
3668 14
3669 11
3670 13
3671 14
3672 12
3673 12
3674 14
3675 14
3676 16
3677 6
3678 5
3679 11
3680 12
3681 18
3682 25
3683 35
3684 40
3685 45
3686 29
3687 26
3688 15
3689 19
3690 19
3691 25
3692 27
3693 25
3694 40
3695 27
3696 24
3697 23
3698 25
3699 16
3700 17
3701 10
3702 16
3703 18
3704 19
3705 27
3706 25
3707 17
3708 14
3709 13
3710 12
3711 8
3712 12
3713 14
3714 9
3715 10
3716 8
3717 7
3718 12
3719 18
3720 17
3721 13
3722 13
3723 7
3724 9
3725 8
3726 7
3727 6
3728 4
3729 5
3730 7
3731 6
3732 4
3733 2
3734 4
3735 3
3736 3
3737 2
3738 3
3739 3
3740 2
3741 3
3742 2
3743 2
3744 2
3745 2
3746 3
3747 4
3748 5
3749 3
3750 3
3751 3
3752 5
3753 5
3754 5
3755 5
3756 3
3757 1
3758 1
3759 2
3760 2
3761 3
3762 2
3763 3
3764 4
3765 5
3766 2
3767 4
3768 3
3769 4
3770 3
3771 3
3772 5
3773 3
3774 5
3775 3
3776 4
3777 3
3778 3
3779 3
3780 4
3781 3
3782 3
3783 5
3784 5
3785 3
3786 4
3787 4
3788 3
3789 3
3790 3
3791 5
3792 4
3793 4
3794 3
3795 3
3796 4
3797 4
3798 2
3799 3
3800 3
3801 3
3802 4
3803 2
3804 2
3805 2
3806 3
3807 3
3808 3
3809 4
3810 3
3811 3
3812 3
3813 4
3814 3
3815 3
3816 2
3817 2
3818 1
3819 1
3820 3
3821 3
3822 3
3823 3
3824 3
3825 2
3826 2
3827 2
3828 3
3829 3
3830 3
3831 3
3832 2
3833 1
3834 1
3835 1
3836 3
3837 3
3838 3
3839 3
3840 3
3841 3
3842 3
3843 3
3844 3
3845 2
3846 2
3847 2
3848 2
3849 2
3850 3
3851 3
3852 5
3853 4
3854 4
3855 5
3856 4
3857 4
3858 3
3859 2
3860 2
3861 2
3862 2
3863 3
3864 4
3865 4
3866 4
3867 4
3868 5
3869 5
3870 5
3871 5
3872 4
3873 3
3874 3
3875 3
3876 3
3877 3
3878 3
3879 4
3880 4
3881 4
3882 4
3883 4
3884 3
3885 3
3886 3
3887 3
3888 2
3889 2
3890 2
3891 2
3892 4
3893 3
3894 3
3895 3
3896 3
3897 3
3898 3
3899 3
3900 5
3901 3
3902 3
3903 3
3904 5
3905 5
3906 15
3907 6
3908 6
3909 4
3910 3
3911 5
3912 5
3913 4
3914 5
3915 4
3916 5
3917 6
3918 5
3919 4
3920 4
3921 5
3922 6
3923 4
3924 9
3925 4
3926 3
3927 3
3928 3
3929 4
3930 3
3931 5
3932 4
3933 3
3934 3
3935 4
3936 4
3937 3
3938 3
3939 5
3940 3
3941 3
3942 3
3943 4
3944 3
3945 4
3946 3
3947 3
3948 4
3949 4
3950 2
3951 2
3952 2
3953 3
3954 2
3955 3
3956 3
3957 2
3958 3
3959 3
3960 2
3961 2
3962 3
3963 2
3964 4
3965 2
3966 3
3967 2
3968 4
3969 2
3970 3
3971 2
3972 3
3973 2
3974 2
3975 2
3976 2
3977 2
3978 3
3979 5
3980 4
3981 3
3982 2
3983 3
3984 3
3985 2
3986 3
3987 1
3988 4
3989 3
3990 4
3991 3
3992 2
3993 2
3994 2
3995 2
3996 3
3997 5
3998 4
3999 3
4000 4
4001 2
4002 2
4003 1
4004 1
4005 3
4006 2
4007 2
4008 3
4009 3
4010 4
4011 6
4012 2
4013 2
4014 4
4015 3
4016 3
4017 2
4018 3
4019 7
4020 3
4021 3
4022 6
4023 5
4024 5
4025 3
4026 3
4027 5
4028 7
4029 5
4030 4
4031 7
4032 7
4033 5
4034 4
4035 2
4036 6
4037 6
4038 8
4039 5
4040 7
4041 6
4042 5
4043 4
4044 5
4045 5
4046 4
4047 5
4048 14
4049 6
4050 9
4051 10
4052 9
4053 14
4054 12
4055 19
4056 25
4057 21
4058 15
4059 29
4060 31
4061 32
4062 30
4063 27
4064 24
4065 19
4066 11
4067 5
4068 8
4069 6
4070 4
4071 3
4072 3
4073 6
4074 5
4075 6
4076 5
4077 7
4078 8
4079 4
4080 7
4081 7
4082 5
4083 6
4084 7
4085 5
4086 4
4087 4
4088 5
4089 5
4090 5
4091 6
4092 8
4093 4
4094 4
4095 5
4096 4
4097 3
4098 8
4099 10
4100 11
4101 12
4102 12
4103 8
4104 6
4105 11
4106 10
4107 5
4108 8
4109 5
4110 7
4111 10
4112 8
4113 9
4114 18
4115 17
4116 14
4117 10
4118 8
4119 7
4120 10
4121 11
4122 9
4123 15
4124 16
4125 11
4126 9
4127 11
4128 10
4129 5
4130 7
4131 8
4132 6
4133 5
4134 6
4135 9
4136 4
4137 7
4138 4
4139 3
4140 4
4141 4
4142 1
4143 5
4144 5
4145 6
4146 5
4147 4
4148 10
4149 6
4150 4
4151 4
4152 2
4153 4
4154 5
4155 4
4156 4
4157 6
4158 4
4159 5
4160 5
4161 3
4162 3
4163 5
4164 2
4165 2
4166 3
4167 3
4168 4
4169 2
4170 2
4171 4
4172 1
4173 1
4174 3
4175 2
4176 3
4177 3
4178 3
4179 3
4180 2
4181 3
4182 3
4183 5
4184 4
4185 4
4186 4
4187 3
4188 2
4189 2
4190 2
4191 3
4192 3
4193 3
4194 2
4195 2
4196 3
4197 2
4198 1
4199 2
4200 2
4201 2
4202 2
4203 4
4204 5
4205 6
4206 4
4207 2
4208 3
4209 2
4210 1
4211 1
4212 3
4213 2
4214 3
4215 2
4216 2
4217 2
4218 1
4219 1
4220 1
4221 2
4222 2
4223 1
4224 1
4225 2
4226 1
4227 2
4228 3
4229 2
4230 2
4231 3
4232 3
4233 5
4234 4
4235 1
4236 2
4237 2
4238 3
4239 2
4240 2
4241 2
4242 2
4243 2
4244 4
4245 5
4246 5
4247 4
4248 2
4249 2
4250 2
4251 2
4252 2
4253 3
4254 1
4255 3
4256 2
4257 2
4258 5
4259 2
4260 1
4261 1
4262 2
4263 2
4264 1
4265 1
4266 3
4267 2
4268 2
4269 1
4270 3
4271 2
4272 2
4273 1
4274 3
4275 2
4276 2
4277 2
4278 5
4279 6
4280 2
4281 3
4282 3
4283 5
4284 4
4285 1
4286 4
4287 5
4288 3
4289 4
4290 4
4291 7
4292 5
4293 5
4294 2
4295 3
4296 4
4297 3
4298 3
4299 3
4300 3
4301 3
4302 3
4303 3
4304 2
4305 4
4306 3
4307 3
4308 2
4309 2
4310 3
4311 2
4312 3
4313 3
4314 2
4315 2
4316 4
4317 4
4318 4
4319 4
4320 4
4321 4
4322 3
4323 2
4324 2
4325 3
4326 3
4327 3
4328 2
4329 1
4330 1
4331 1
4332 1
4333 1
4334 2
4335 2
4336 1
4337 1
4338 1
4339 1
4340 1
4341 2
4342 2
4343 2
4344 2
4345 2
4346 2
4347 2
4348 2
4349 2
4350 2
4351 2
4352 2
4353 2
4354 2
4355 2
4356 2
4357 2
4358 2
4359 2
4360 2
4361 2
4362 2
4363 2
4364 2
4365 2
4366 2
4367 2
4368 2
4369 2
4370 2
4371 2
4372 2
4373 5
4374 2
4375 2
4376 2
4377 1
4378 2
4379 2
4380 2
4381 2
4382 4
4383 5
4384 3
4385 2
4386 2
4387 1
4388 2
4389 2
4390 2
4391 2
4392 2
4393 1
4394 2
4395 2
4396 1
4397 2
4398 2
4399 2
4400 2
4401 1
4402 2
4403 2
4404 1
4405 1
4406 1
4407 2
4408 2
4409 2
4410 2
4411 1
4412 2
4413 2
4414 1
4415 1
4416 1
4417 1
4418 2
4419 2
4420 2
4421 2
4422 0
4423 1
4424 1
4425 1
4426 1
4427 1
4428 1
4429 1
4430 1
4431 2
4432 1
4433 1
4434 2
4435 2
4436 3
4437 1
4438 2
4439 1
4440 4
4441 5
4442 2
4443 4
4444 7
4445 10
4446 12
4447 12
4448 13
4449 20
4450 19
4451 11
4452 16
4453 16
4454 13
4455 18
4456 21
4457 23
4458 29
4459 41
4460 45
4461 50
4462 54
4463 62
4464 40
4465 31
4466 26
4467 25
4468 28
4469 61
4470 49
4471 48
4472 57
4473 72
4474 84
4475 64
4476 63
4477 68
4478 68
4479 72
4480 65
4481 47
4482 26
4483 35
4484 35
4485 32
4486 30
4487 25
4488 23
4489 27
4490 23
4491 28
4492 27
4493 56
4494 40
4495 41
4496 29
4497 16
4498 15
4499 13
4500 13
4501 7
4502 8
4503 12
4504 10
4505 13
4506 17
4507 15
4508 10
4509 10
4510 14
4511 9
4512 5
4513 6
4514 7
4515 7
4516 7
4517 6
4518 8
4519 9
4520 9
4521 13
4522 8
4523 5
4524 6
4525 6
4526 7
4527 4
4528 2
4529 3
4530 4
4531 3
4532 3
4533 2
4534 2
4535 2
4536 1
4537 2
4538 2
4539 2
4540 2
4541 4
4542 5
4543 6
4544 7
4545 4
4546 2
4547 0
4548 1
4549 1
4550 1
4551 2
4552 1
4553 1
4554 1
4555 1
4556 1
4557 0
4558 3
4559 3
4560 1
4561 2
4562 1
4563 1
4564 2
4565 1
4566 1
4567 1
4568 1
4569 4
4570 3
4571 1
4572 1
4573 1
4574 2
4575 2
4576 1
4577 1
4578 1
4579 1
4580 10
4581 0
4582 0
4583 0
4584 0
4585 0
4586 1
4587 0
4588 0
4589 0
4590 0
4591 1
4592 2
4593 10
4594 9
4595 4
4596 18
4597 13
4598 5
4599 0
4600 0
4601 0
4602 6
4603 8
4604 15
4605 23
4606 13
4607 7
4608 6
4609 5
4610 13
4611 31
4612 15
4613 10
4614 4
4615 3
4616 1
4617 1
4618 0
4619 3
4620 3
4621 6
4622 6
4623 4
4624 12
4625 18
4626 33
4627 34
4628 12
4629 2
4630 1
4631 3
4632 5
4633 5
4634 7
4635 6
4636 4
4637 2
4638 2
4639 1
4640 2
4641 1
4642 1
4643 1
4644 1
4645 3
4646 1
4647 2
4648 0
4649 0
4650 1
4651 0
4652 2
4653 0
4654 0
4655 1
4656 2
4657 3
4658 3
4659 3
4660 3
4661 2
4662 2
4663 1
4664 3
4665 2
4666 3
4667 3
4668 2
4669 2
4670 2
4671 2
4672 1
4673 2
4674 0
4675 2
4676 1
4677 1
4678 5
4679 6
4680 3
4681 6
4682 3
4683 2
4684 4
4685 1
4686 2
4687 4
4688 3
4689 5
4690 16
4691 6
4692 3
4693 3
4694 1
4695 7
4696 4
4697 6
4698 7
4699 7
4700 2
4701 3
4702 3
4703 3
4704 3
4705 2
4706 3
4707 4
4708 5
4709 7
4710 6
4711 6
4712 6
4713 8
4714 8
4715 8
4716 10
4717 8
4718 7
4719 3
4720 5
4721 4
4722 8
4723 6
4724 6
4725 10
4726 11
4727 12
4728 10
4729 4
4730 14
4731 5
4732 3
4733 3
4734 3
4735 6
4736 13
4737 22
4738 27
4739 14
4740 8
4741 3
4742 4
4743 4
4744 2
4745 4
4746 2
4747 3
4748 5
4749 10
4750 18
4751 17
4752 10
4753 11
4754 4
4755 4
4756 5
4757 2
4758 7
4759 4
4760 8
4761 15
4762 25
4763 24
4764 21
4765 11
4766 14
4767 12
4768 10
4769 7
4770 9
4771 10
4772 12
4773 14
4774 16
4775 23
4776 19
4777 15
4778 14
4779 7
4780 8
4781 7
4782 8
4783 10
4784 9
4785 8
4786 9
4787 12
4788 11
4789 9
4790 7
4791 4
4792 4
4793 4
4794 6
4795 7
4796 8
4797 13
4798 23
4799 29
4800 36
4801 43
4802 42
4803 35
4804 23
4805 13
4806 19
4807 20
4808 18
4809 15
4810 11
4811 7
4812 5
4813 6
4814 4
4815 5
4816 7
4817 8
4818 7
4819 8
4820 8
4821 6
4822 5
4823 5
4824 3
4825 4
4826 4
4827 5
4828 4
4829 4
4830 4
4831 4
4832 11
4833 6
4834 3
4835 8
4836 6
4837 5
4838 7
4839 3
4840 3
4841 6
4842 3
4843 7
4844 10
4845 12
4846 14
4847 10
4848 7
4849 7
4850 5
4851 6
4852 5
4853 2
4854 2
4855 3
4856 3
4857 3
4858 4
4859 4
4860 6
4861 7
4862 6
4863 6
4864 3
4865 2
4866 3
4867 3
4868 3
4869 4
4870 5
4871 7
4872 5
4873 5
4874 5
4875 5
4876 3
4877 5
4878 6
4879 7
4880 3
4881 6
4882 5
4883 2
4884 1
4885 1
4886 1
4887 2
4888 2
4889 1
4890 3
4891 4
4892 3
4893 2
4894 1
4895 2
4896 1
4897 2
4898 1
4899 2
4900 1
4901 2
4902 2
4903 3
4904 2
4905 1
4906 4
4907 3
4908 2
4909 2
4910 3
4911 2
4912 3
4913 5
4914 3
4915 3
4916 4
4917 4
4918 3
4919 6
4920 5
4921 1
4922 8
4923 4
4924 2
4925 5
4926 2
4927 3
4928 4
4929 1
4930 2
4931 2
4932 2
4933 4
4934 5
4935 4
4936 2
4937 4
4938 6
4939 4
4940 4
4941 2
4942 3
4943 4
4944 4
4945 3
4946 6
4947 3
4948 3
4949 5
4950 4
4951 3
4952 6
4953 3
4954 6
4955 3
4956 3
4957 7
4958 5
4959 2
4960 2
4961 2
4962 2
4963 1
4964 1
4965 1
4966 0
4967 2
4968 2
4969 3
4970 2
4971 0
4972 0
4973 1
4974 0
4975 0
4976 0
4977 0
4978 0
4979 0
4980 1
4981 1
4982 3
4983 3
4984 0
4985 1
4986 1
4987 0
4988 1
4989 0
4990 0
4991 1
4992 2
4993 1
4994 0
4995 2
4996 0
4997 0
4998 1
4999 1
5000 0
5001 3
5002 3
5003 3
5004 4
5005 3
5006 3
5007 6
5008 3
5009 1
5010 2
5011 4
5012 2
5013 1
5014 2
5015 4
5016 9
5017 3
5018 2
5019 5
5020 3
5021 0
5022 2
5023 1
5024 1
5025 2
5026 2
5027 1
5028 2
5029 1
5030 3
5031 2
5032 0
5033 2
5034 3
5035 1
5036 3
5037 0
5038 3
5039 5
5040 4
5041 1
5042 0
5043 3
5044 2
5045 4
5046 4
5047 5
5048 6
5049 1
5050 2
5051 1
5052 0
5053 1
5054 1
5055 0
5056 1
5057 0
5058 1
5059 1
5060 3
5061 3
5062 3
5063 1
5064 1
5065 0
5066 1
5067 1
5068 3
5069 3
5070 7
5071 6
5072 6
5073 4
5074 1
5075 0
5076 1
5077 1
5078 1
5079 1
5080 1
5081 0
5082 1
5083 0
5084 1
5085 1
5086 0
5087 0
5088 0
5089 1
5090 0
5091 1
5092 1
5093 1
5094 1
5095 0
5096 1
5097 0
5098 0
5099 0
5100 0
5101 1
5102 1
5103 2
5104 0
5105 4
5106 0
5107 0
5108 1
5109 0
5110 0
5111 1
5112 4
5113 5
5114 13
5115 17
5116 21
5117 32
5118 59
5119 48
5120 38
5121 23
5122 4
5123 3
5124 8
5125 7
5126 16
5127 13
5128 8
5129 2
5130 1
5131 2
5132 6
5133 12
5134 9
5135 11
5136 11
5137 13
5138 26
5139 29
5140 12
5141 14
5142 9
5143 6
5144 5
5145 3
5146 2
5147 4
5148 8
5149 14
5150 14
5151 16
5152 29
5153 13
5154 10
5155 12
5156 6
5157 7
5158 8
5159 9
5160 7
5161 7
5162 6
5163 8
5164 8
5165 5
5166 6
5167 5
5168 6
5169 4
5170 5
5171 4
5172 7
5173 7
5174 6
5175 6
5176 8
5177 8
5178 7
5179 9
5180 8
5181 7
5182 5
5183 6
5184 8
5185 10
5186 6
5187 8
5188 4
5189 4
5190 4
5191 4
5192 5
5193 7
5194 6
5195 8
5196 6
5197 5
5198 6
5199 7
5200 9
5201 10
5202 5
5203 3
5204 5
5205 5
5206 10
5207 15
5208 15
5209 11
5210 10
5211 11
5212 6
5213 4
5214 5
5215 2
5216 8
5217 5
5218 10
5219 15
5220 9
5221 5
5222 4
5223 4
5224 10
5225 9
5226 5
5227 3
5228 8
5229 10
5230 12
5231 6
5232 5
5233 7
5234 8
5235 8
5236 8
5237 8
5238 6
5239 5
5240 8
5241 7
5242 8
5243 6
5244 7
5245 5
5246 3
5247 7
5248 3
5249 9
5250 6
5251 7
5252 6
5253 8
5254 5
5255 7
5256 9
5257 6
5258 6
5259 5
5260 11
5261 9
5262 7
5263 10
5264 14
5265 17
5266 13
5267 6
5268 2
5269 3
5270 7
5271 7
5272 7
5273 4
5274 4
5275 4
5276 8
5277 5
5278 6
5279 5
5280 5
5281 7
5282 6
5283 5
5284 2
5285 2
5286 3
5287 3
5288 5
5289 4
5290 5
5291 3
5292 8
5293 5
5294 5
5295 5
5296 5
5297 8
5298 5
5299 5
5300 5
5301 4
5302 6
5303 6
5304 5
5305 4
5306 4
5307 3
5308 4
5309 2
5310 6
5311 4
5312 6
5313 4
5314 6
5315 4
5316 6
5317 5
5318 5
5319 3
5320 2
5321 2
5322 4
5323 3
5324 2
5325 4
5326 6
5327 4
5328 2
5329 3
5330 4
5331 4
5332 3
5333 5
5334 6
5335 6
5336 6
5337 4
5338 4
5339 6
5340 6
5341 6
5342 8
5343 9
5344 10
5345 5
5346 9
5347 12
5348 16
5349 16
5350 15
5351 14
5352 13
5353 7
5354 5
5355 4
5356 8
5357 9
5358 13
5359 13
5360 10
5361 12
5362 8
5363 13
5364 8
5365 8
5366 2
5367 6
5368 4
5369 5
5370 1
5371 5
5372 6
5373 3
5374 10
5375 3
5376 5
5377 5
5378 5
5379 4
5380 3
5381 5
5382 2
5383 6
5384 4
5385 6
5386 5
5387 3
5388 5
5389 8
5390 5
5391 4
5392 5
5393 4
5394 4
5395 4
5396 4
5397 4
5398 3
5399 6
5400 6
5401 9
5402 5
5403 6
5404 8
5405 7
5406 4
5407 5
5408 4
5409 6
5410 9
5411 5
5412 2
5413 4
5414 3
5415 5
5416 5
5417 5
5418 5
5419 2
5420 3
5421 7
5422 8
5423 9
5424 7
5425 5
5426 4
5427 6
5428 9
5429 9
5430 5
5431 3
5432 3
5433 4
5434 6
5435 3
5436 6
5437 8
5438 7
5439 2
5440 5
5441 4
5442 3
5443 6
5444 4
5445 3
5446 3
5447 2
5448 5
5449 3
5450 3
5451 4
5452 2
5453 4
5454 8
5455 5
5456 4
5457 17
5458 16
5459 10
5460 13
5461 6
5462 4
5463 5
5464 3
5465 3
5466 9
5467 4
5468 4
5469 7
5470 4
5471 5
5472 4
5473 8
5474 9
5475 7
5476 6
5477 3
5478 6
5479 7
5480 5
5481 4
5482 4
5483 3
5484 3
5485 7
5486 7
5487 8
5488 8
5489 8
5490 5
5491 6
5492 5
5493 3
5494 2
5495 2
5496 8
5497 6
5498 1
5499 5
5500 3
5501 5
5502 5
5503 11
5504 5
5505 4
5506 5
5507 7
5508 9
5509 3
5510 7
5511 3
5512 3
5513 3
5514 2
5515 5
5516 7
5517 8
5518 9
5519 3
5520 5
5521 3
5522 5
5523 4
5524 6
5525 7
5526 5
5527 3
5528 6
5529 4
5530 4
5531 7
5532 7
5533 7
5534 5
5535 4
5536 7
5537 6
5538 5
5539 6
5540 5
5541 5
5542 7
5543 6
5544 5
5545 6
5546 5
5547 3
5548 4
5549 3
5550 6
5551 8
5552 8
5553 6
5554 5
5555 5
5556 5
5557 5
5558 4
5559 4
5560 2
5561 5
5562 6
5563 6
5564 7
5565 6
5566 6
5567 5
5568 4
5569 5
5570 6
5571 8
5572 10
5573 9
5574 5
5575 7
5576 7
5577 8
5578 10
5579 6
5580 10
5581 11
5582 9
5583 7
5584 8
5585 6
5586 4
5587 5
5588 4
5589 3
5590 3
5591 6
5592 7
5593 8
5594 6
5595 6
5596 7
5597 4
5598 3
5599 5
5600 5
5601 4
5602 5
5603 14
5604 7
5605 5
5606 7
5607 9
5608 3
5609 7
5610 9
5611 4
5612 3
5613 3
5614 6
5615 6
5616 6
5617 5
5618 4
5619 8
5620 5
5621 9
5622 10
5623 10
5624 11
5625 8
5626 6
5627 11
5628 7
5629 7
5630 10
5631 6
5632 6
5633 6
5634 3
5635 4
5636 2
5637 6
5638 10
5639 7
5640 6
5641 5
5642 3
5643 6
5644 3
5645 3
5646 4
5647 7
5648 5
5649 3
5650 5
5651 3
5652 8
5653 7
5654 5
5655 5
5656 5
5657 3
5658 4
5659 3
5660 7
5661 6
5662 7
5663 6
5664 5
5665 5
5666 5
5667 6
5668 8
5669 4
5670 7
5671 7
5672 9
5673 5
5674 6
5675 6
5676 16
5677 24
5678 22
5679 13
5680 12
5681 8
5682 7
5683 7
5684 10
5685 8
5686 7
5687 9
5688 5
5689 6
5690 10
5691 4
5692 6
5693 4
5694 3
5695 5
5696 3
5697 2
5698 7
5699 6
5700 4
5701 6
5702 8
5703 8
5704 8
5705 5
5706 4
5707 3
5708 3
5709 3
5710 3
5711 4
5712 7
5713 3
5714 4
5715 5
5716 6
5717 5
5718 3
5719 8
5720 5
5721 10
5722 6
5723 10
5724 8
5725 4
5726 11
5727 11
5728 10
5729 7
5730 7
5731 4
5732 7
5733 5
5734 6
5735 6
5736 8
5737 6
5738 4
5739 4
5740 4
5741 7
5742 11
5743 8
5744 12
5745 10
5746 8
5747 6
5748 13
5749 9
5750 8
5751 15
5752 6
5753 12
5754 9
5755 7
5756 168
5757 217
5758 213
5759 198
5760 167
5761 157
5762 159
5763 151
5764 142
5765 131
5766 142
5767 122
5768 145
5769 122
5770 134
5771 139
5772 142
5773 153
5774 177
5775 148
5776 148
5777 140
5778 148
5779 3
5780 5
5781 2
5782 5
5783 4
5784 3
5785 5
5786 3
5787 3
5788 5
5789 4
5790 6
5791 5
5792 5
5793 5
5794 5
5795 4
5796 4
5797 4
5798 4
5799 4
5800 5
5801 4
5802 4
5803 3
5804 5
5805 5
5806 2
5807 2
5808 4
5809 2
5810 4
5811 2
5812 2
5813 3
5814 3
5815 4
5816 5
5817 5
5818 4
5819 8
5820 6
5821 7
5822 3
5823 3
5824 4
5825 5
5826 3
5827 2
5828 4
5829 7
5830 5
5831 2
5832 4
5833 4
5834 3
5835 2
5836 3
5837 3
5838 2
5839 3
5840 1
5841 3
5842 3
5843 3
5844 4
5845 4
5846 5
5847 7
5848 6
5849 3
5850 9
5851 9
5852 7
5853 6
5854 6
5855 6
5856 11
5857 7
5858 9
5859 15
5860 20
5861 34
5862 26
5863 40
5864 35
5865 29
5866 21
5867 13
5868 23
5869 17
5870 13
5871 19
5872 19
5873 14
5874 12
5875 18
5876 17
5877 13
5878 10
5879 20
5880 19
5881 29
5882 17
5883 24
5884 14
5885 23
5886 20
5887 12
5888 13
5889 12
5890 15
5891 14
5892 18
5893 14
5894 23
5895 16
5896 19
5897 18
5898 18
5899 19
5900 15
5901 11
5902 10
5903 12
5904 14
5905 9
5906 7
5907 6
5908 6
5909 7
5910 6
5911 8
5912 6
5913 7
5914 7
5915 10
5916 11
5917 7
5918 11
5919 7
5920 7
5921 6
5922 8
5923 7
5924 7
5925 7
5926 7
5927 7
5928 11
5929 11
5930 8
5931 4
5932 9
5933 9
5934 9
5935 11
5936 10
5937 7
5938 9
5939 10
5940 6
5941 9
5942 9
5943 9
5944 7
5945 7
5946 6
5947 8
5948 8
5949 9
5950 8
5951 7
5952 6
5953 9
5954 5
5955 7
5956 8
5957 6
5958 4
5959 9
5960 9
5961 11
5962 10
5963 6
5964 5
5965 7
5966 6
5967 6
5968 4
5969 3
5970 7
5971 4
5972 9
5973 8
5974 5
5975 6
5976 10
5977 8
5978 8
5979 7
5980 6
5981 9
5982 5
5983 8
5984 6
5985 8
5986 10
5987 11
5988 8
5989 5
5990 8
5991 7
5992 5
5993 8
5994 8
5995 9
5996 10
5997 8
5998 8
5999 6
6000 8
6001 8
6002 9
6003 5
6004 6
6005 7
6006 5
6007 7
6008 6
6009 6
6010 5
6011 5
6012 6
6013 6
6014 6
6015 4
6016 7
6017 7
6018 5
6019 7
6020 6
6021 6
6022 7
6023 5
6024 8
6025 5
6026 6
6027 5
6028 6
6029 4
6030 5
6031 3
6032 4
6033 5
6034 6
6035 9
6036 7
6037 5
6038 5
6039 3
6040 6
6041 7
6042 6
6043 5
6044 7
6045 7
6046 5
6047 5
6048 4
6049 4
6050 2
6051 6
6052 3
6053 2
6054 6
6055 6
6056 7
6057 8
6058 7
6059 7
6060 6
6061 2
6062 3
6063 4
6064 2
6065 3
6066 3
6067 2
6068 4
6069 4
6070 5
6071 3
6072 5
6073 5
6074 7
6075 5
6076 6
6077 5
6078 2
6079 2
6080 4
6081 3
6082 4
6083 5
6084 5
6085 3
6086 3
6087 2
6088 5
6089 2
6090 5
6091 6
6092 5
6093 1
6094 3
6095 2
6096 3
6097 2
6098 2
6099 4
6100 2
6101 5
6102 4
6103 3
6104 1
6105 1
6106 4
6107 2
6108 2
6109 3
6110 2
6111 3
6112 2
6113 1
6114 3
6115 3
6116 4
6117 1
6118 3
6119 3
6120 2
6121 2
6122 3
6123 4
6124 4
6125 0
6126 0
6127 2
6128 2
6129 2
6130 1
6131 1
6132 1
6133 0
6134 0
6135 3
6136 1
6137 1
6138 2
6139 2
6140 1
6141 2
6142 1
6143 5
6144 3
6145 5
6146 1
6147 2
6148 2
6149 5
6150 6
6151 5
6152 5
6153 4
6154 9
6155 8
6156 9
6157 9
6158 10
6159 9
6160 5
6161 8
6162 8
6163 6
6164 7
6165 6
6166 9
6167 8
6168 8
6169 4
6170 3
6171 3
6172 4
6173 5
6174 6
6175 6
6176 5
6177 4
6178 5
6179 6
6180 5
6181 4
6182 4
6183 5
6184 4
6185 4
6186 5
6187 4
6188 3
6189 4
6190 4
6191 3
6192 5
6193 5
6194 5
6195 5
6196 5
6197 8
6198 3
6199 5
6200 6
6201 5
6202 10
6203 10
6204 9
6205 12
6206 12
6207 7
6208 7
6209 7
6210 9
6211 8
6212 10
6213 8
6214 9
6215 8
6216 9
6217 5
6218 4
6219 8
6220 8
6221 7
6222 8
6223 9
6224 7
6225 5
6226 8
6227 8
6228 9
6229 7
6230 7
6231 9
6232 5
6233 11
6234 8
6235 8
6236 6
6237 7
6238 7
6239 7
6240 4
6241 11
6242 9
6243 8
6244 13
6245 14
6246 10
6247 8
6248 14
6249 13
6250 13
6251 16
6252 14
6253 14
6254 12
6255 11
6256 17
6257 27
6258 27
6259 27
6260 24
6261 13
6262 10
6263 12
6264 18
6265 16
6266 16
6267 15
6268 16
6269 31
6270 28
6271 24
6272 25
6273 29
6274 33
6275 32
6276 30
6277 38
6278 40
6279 52
6280 48
6281 53
6282 41
6283 41
6284 45
6285 45
6286 53
6287 55
6288 52
6289 39
6290 42
6291 34
6292 26
6293 17
6294 17
6295 14
6296 27
6297 27
6298 24
6299 17
6300 12
6301 14
6302 11
6303 16
6304 8
6305 8
6306 7
6307 4
6308 6
6309 5
6310 2
6311 2
6312 3
6313 4
6314 3
6315 4
6316 1
6317 5
6318 7
6319 7
6320 8
6321 7
6322 8
6323 8
6324 8
6325 7
6326 8
6327 9
6328 9
6329 10
6330 7
6331 10
6332 9
6333 9
6334 9
6335 9
6336 10
6337 6
6338 7
6339 7
6340 8
6341 7
6342 8
6343 8
6344 7
6345 7
6346 10
6347 13
6348 12
6349 6
6350 7
6351 9
6352 9
6353 6
6354 8
6355 9
6356 9
6357 11
6358 6
6359 7
6360 11
6361 8
6362 8
6363 8
6364 9
6365 8
6366 7
6367 7
6368 10
6369 6
6370 8
6371 9
6372 7
6373 7
6374 6
6375 9
6376 8
6377 6
6378 9
6379 8
6380 9
6381 5
6382 7
6383 11
6384 4
6385 8
6386 5
6387 9
6388 7
6389 5
6390 8
6391 7
6392 5
6393 7
6394 8
6395 7
6396 7
6397 8
6398 6
6399 7
6400 7
6401 6
6402 6
6403 6
6404 9
6405 11
6406 7
6407 8
6408 14
6409 14
6410 13
6411 12
6412 10
6413 12
6414 8
6415 11
6416 10
6417 9
6418 11
6419 8
6420 8
6421 9
6422 10
6423 6
6424 6
6425 6
6426 9
6427 5
6428 9
6429 6
6430 6
6431 6
6432 7
6433 6
6434 7
6435 8
6436 9
6437 7
6438 8
6439 9
6440 6
6441 7
6442 7
6443 11
6444 8
6445 12
6446 6
6447 9
6448 10
6449 9
6450 10
6451 9
6452 8
6453 10
6454 12
6455 9
6456 10
6457 14
6458 13
6459 11
6460 10
6461 8
6462 9
6463 10
6464 12
6465 7
6466 9
6467 8
6468 6
6469 6
6470 13
6471 8
6472 9
6473 9
6474 9
6475 11
6476 10
6477 6
6478 9
6479 8
6480 9
6481 10
6482 9
6483 8
6484 8
6485 9
6486 8
6487 9
6488 6
6489 6
6490 7
6491 7
6492 8
6493 10
6494 8
6495 6
6496 6
6497 7
6498 6
6499 7
6500 8
6501 6
6502 8
6503 7
6504 5
6505 7
6506 8
6507 9
6508 10
6509 7
6510 8
6511 8
6512 9
6513 9
6514 6
6515 6
6516 4
6517 6
6518 6
6519 7
6520 7
6521 6
6522 7
6523 8
6524 10
6525 8
6526 10
6527 6
6528 12
6529 14
6530 8
6531 8
6532 9
6533 13
6534 8
6535 12
6536 8
6537 10
6538 11
6539 7
6540 9
6541 10
6542 8
6543 11
6544 8
6545 8
6546 9
6547 11
6548 7
6549 10
6550 11
6551 9
6552 10
6553 8
6554 9
6555 10
6556 12
6557 4
6558 3
6559 5
6560 1
6561 6
6562 0
6563 0
6564 0
6565 0
6566 0
6567 0
6568 0
6569 0
6570 0
6571 1
6572 3
6573 1
6574 1
6575 0
6576 1
6577 0
6578 0
6579 1
6580 1
6581 2
6582 3
6583 2
6584 0
6585 2
6586 0
6587 0
6588 0
6589 2
6590 1
6591 1
6592 1
6593 0
6594 1
6595 1
6596 2
6597 3
6598 1
6599 1
6600 1
6601 0
6602 1
6603 0
6604 1
6605 1
6606 1
6607 2
6608 3
6609 2
6610 4
6611 4
6612 6
6613 5
6614 3
6615 2
6616 2
6617 1
6618 0
6619 1
6620 1
6621 2
6622 1
6623 2
6624 1
6625 2
6626 3
6627 2
6628 1
6629 3
6630 0
6631 2
6632 4
6633 3
6634 1
6635 3
6636 1
6637 3
6638 2
6639 2
6640 2
6641 2
6642 3
6643 2
6644 3
6645 4
6646 3
6647 2
6648 3
6649 1
6650 4
6651 2
6652 2
6653 2
6654 2
6655 2
6656 2
6657 3
6658 2
6659 3
6660 4
6661 5
6662 5
6663 3
6664 3
6665 5
6666 7
6667 3
6668 2
6669 1
6670 1
6671 3
6672 4
6673 3
6674 3
6675 4
6676 2
6677 1
6678 1
6679 0
6680 2
6681 3
6682 2
6683 1
6684 2
6685 3
6686 1
6687 1
6688 2
6689 4
6690 4
6691 3
6692 3
6693 1
6694 2
6695 2
6696 2
6697 1
6698 2
6699 2
6700 2
6701 3
6702 3
6703 1
6704 3
6705 4
6706 6
6707 1
6708 2
6709 1
6710 2
6711 2
6712 1
6713 2
6714 2
6715 4
6716 5
6717 2
6718 2
6719 2
6720 2
6721 3
6722 3
6723 2
6724 1
6725 2
6726 3
6727 5
6728 3
6729 4
6730 3
6731 2
6732 2
6733 3
6734 3
6735 4
6736 5
6737 3
6738 3
6739 5
6740 5
6741 4
6742 1
6743 0
6744 1
6745 2
6746 1
6747 3
6748 2
6749 2
6750 3
6751 4
6752 4
6753 2
6754 3
6755 2
6756 3
6757 3
6758 1
6759 2
6760 1
6761 2
6762 2
6763 2
6764 2
6765 1
6766 2
6767 6
6768 1
6769 4
6770 2
6771 1
6772 3
6773 3
6774 3
6775 1
6776 3
6777 2
6778 1
6779 1
6780 1
6781 0
6782 0
6783 2
6784 3
6785 2
6786 1
6787 1
6788 0
6789 1
6790 2
6791 2
6792 2
6793 2
6794 2
6795 2
6796 3
6797 0
6798 2
6799 7
6800 8
6801 27
6802 19
6803 17
6804 12
6805 10
6806 7
6807 0
6808 0
6809 0
6810 0
6811 1
6812 2
6813 2
6814 4
6815 5
6816 5
6817 3
6818 2
6819 2
6820 1
6821 0
6822 1
6823 1
6824 0
6825 0
6826 0
6827 0
6828 0
6829 0
6830 0
6831 2
6832 1
6833 1
6834 3
6835 2
6836 2
6837 2
6838 2
6839 1
6840 0
6841 0
6842 0
6843 0
6844 0
6845 0
6846 0
6847 0
6848 0
6849 0
6850 0
6851 0
6852 1
6853 1
6854 1
6855 1
6856 1
6857 1
6858 2
6859 1
6860 1
6861 1
6862 2
6863 2
6864 3
6865 3
6866 2
6867 1
6868 2
6869 6
6870 6
6871 6
6872 3
6873 1
6874 4
6875 3
6876 3
6877 2
6878 6
6879 5
6880 3
6881 3
6882 6
6883 6
6884 1
6885 1
6886 2
6887 1
6888 2
6889 3
6890 2
6891 0
6892 2
6893 1
6894 0
6895 1
6896 1
6897 1
6898 0
6899 1
6900 2
6901 2
6902 1
6903 1
6904 1
6905 0
6906 2
6907 0
6908 2
6909 2
6910 1
6911 1
6912 1
6913 1
6914 2
6915 2
6916 1
6917 1
6918 2
6919 3
6920 2
6921 2
6922 3
6923 1
6924 1
6925 2
6926 2
6927 2
6928 0
6929 2
6930 1
6931 1
6932 3
6933 3
6934 3
6935 3
6936 5
6937 3
6938 3
6939 4
6940 3
6941 2
6942 2
6943 2
6944 3
6945 3
6946 2
6947 2
6948 2
6949 3
6950 2
6951 7
6952 3
6953 3
6954 2
6955 2
6956 1
6957 5
6958 5
6959 3
6960 2
6961 2
6962 2
6963 2
6964 3
6965 2
6966 1
6967 1
6968 2
6969 2
6970 1
6971 1
6972 1
6973 2
6974 1
6975 1
6976 1
6977 1
6978 1
6979 1
6980 0
6981 1
6982 1
6983 1
6984 0
6985 0
6986 0
6987 0
6988 1
6989 1
6990 1
6991 1
6992 1
6993 1
6994 1
6995 0
6996 0
6997 1
6998 1
6999 1
7000 1
7001 1
7002 1
7003 1
7004 1
7005 1
7006 1
7007 1
7008 1
7009 1
7010 1
7011 2
7012 1
7013 1
7014 1
7015 1
7016 1
7017 1
7018 1
7019 1
7020 1
7021 1
7022 1
7023 1
7024 2
7025 2
7026 2
7027 2
7028 2
7029 2
7030 2
7031 2
7032 2
7033 2
7034 2
7035 2
7036 0
7037 0
7038 1
7039 0
7040 0
7041 0
7042 0
7043 2
7044 2
7045 1
7046 2
7047 2
7048 2
7049 2
7050 1
7051 1
7052 1
7053 1
7054 0
7055 0
7056 1
7057 0
7058 0
7059 1
7060 1
7061 1
7062 1
7063 2
7064 3
7065 1
7066 1
7067 1
7068 1
7069 1
7070 2
7071 2
7072 1
7073 1
7074 1
7075 1
7076 5
7077 4
7078 3
7079 5
7080 3
7081 2
7082 1
7083 1
7084 1
7085 1
7086 2
7087 1
7088 1
7089 2
7090 2
7091 2
7092 0
7093 2
7094 1
7095 1
7096 1
7097 0
7098 2
7099 1
7100 2
7101 2
7102 1
7103 0
7104 2
7105 1
7106 1
7107 0
7108 1
7109 0
7110 0
7111 1
7112 0
7113 1
7114 1
7115 1
7116 1
7117 3
7118 1
7119 2
7120 3
7121 0
7122 1
7123 1
7124 1
7125 1
7126 1
7127 1
7128 3
7129 4
7130 1
7131 1
7132 1
7133 1
7134 1
7135 1
7136 1
7137 1
7138 2
7139 1
7140 3
7141 1
7142 1
7143 3
7144 2
7145 4
7146 1
7147 0
7148 2
7149 0
7150 1
7151 0
7152 1
7153 1
7154 1
7155 1
7156 1
7157 1
7158 0
7159 0
7160 1
7161 1
7162 1
7163 1
7164 1
7165 1
7166 1
7167 1
7168 1
7169 0
7170 1
7171 1
7172 2
7173 1
7174 1
7175 1
7176 2
7177 2
7178 1
7179 1
7180 1
7181 1
7182 1
7183 1
7184 1
7185 2
7186 0
7187 1
7188 1
7189 0
7190 1
7191 1
7192 1
7193 1
7194 2
7195 2
7196 2
7197 1
7198 1
7199 1
7200 0
7201 0
7202 0
7203 0
7204 0
7205 0
7206 1
7207 2
7208 0
7209 0
7210 0
7211 0
7212 0
7213 0
7214 0
7215 0
7216 0
7217 0
7218 0
7219 0
7220 0
7221 1
7222 0
7223 0
7224 1
7225 0
7226 0
7227 0
7228 0
7229 0
7230 0
7231 0
7232 0
7233 0
7234 0
7235 0
7236 0
7237 0
7238 0
7239 0
7240 0
7241 0
7242 0
7243 1
7244 1
7245 1
7246 0
7247 2
7248 1
7249 2
7250 1
7251 2
7252 0
7253 2
7254 3
7255 3
7256 3
7257 2
7258 2
7259 1
7260 3
7261 5
7262 3
7263 2
7264 10
7265 4
7266 1
7267 1
7268 4
7269 2
7270 3
7271 2
7272 4
7273 5
7274 4
7275 0
7276 0
7277 6
7278 11
7279 8
7280 5
7281 10
7282 6
7283 11
7284 8
7285 4
7286 5
7287 3
7288 1
7289 0
7290 2
7291 8
7292 6
7293 3
7294 0
7295 0
7296 0
7297 0
7298 0
7299 0
7300 1
7301 3
7302 2
7303 2
7304 4
7305 3
7306 2
7307 1
7308 2
7309 2
7310 1
7311 1
7312 0
7313 1
7314 2
7315 2
7316 3
7317 7
7318 6
7319 3
7320 9
7321 2
7322 5
7323 1
7324 2
7325 1
7326 1
7327 1
7328 0
7329 2
7330 2
7331 2
7332 1
7333 1
7334 1
7335 1
7336 2
7337 2
7338 1
7339 1
7340 1
7341 1
7342 1
7343 0
7344 1
7345 1
7346 1
7347 2
7348 3
7349 0
7350 1
7351 0
7352 2
7353 1
7354 2
7355 1
7356 1
7357 1
7358 0
7359 1
7360 0
7361 1
7362 0
7363 2
7364 2
7365 1
7366 2
7367 2
7368 1
7369 2
7370 3
7371 5
7372 5
7373 3
7374 4
7375 5
7376 1
7377 1
7378 1
7379 3
7380 4
7381 2
7382 1
7383 2
7384 2
7385 3
7386 4
7387 1
7388 1
7389 1
7390 1
7391 1
7392 1
7393 1
7394 0
7395 0
7396 0
7397 0
7398 0
7399 0
7400 0
7401 0
7402 0
7403 0
7404 0
7405 1
7406 1
7407 2
7408 1
7409 1
7410 2
7411 2
7412 2
7413 1
7414 1
7415 1
7416 1
7417 1
7418 1
7419 1
7420 2
7421 2
7422 2
7423 3
7424 3
7425 2
7426 2
7427 2
7428 2
7429 2
7430 2
7431 2
7432 3
7433 3
7434 3
7435 1
7436 1
7437 0
7438 2
7439 2
7440 2
7441 2
7442 2
7443 3
7444 3
7445 3
7446 1
7447 1
7448 1
7449 0
7450 1
7451 2
7452 4
7453 5
7454 5
7455 4
7456 3
7457 2
7458 3
7459 2
7460 1
7461 0
7462 1
7463 3
7464 4
7465 4
7466 0
7467 2
7468 2
7469 3
7470 1
7471 2
7472 1
7473 2
7474 2
7475 2
7476 2
7477 1
7478 2
7479 1
7480 2
7481 2
7482 3
7483 1
7484 2
7485 1
7486 1
7487 2
7488 2
7489 2
7490 2
7491 2
7492 1
7493 2
7494 2
7495 3
7496 1
7497 1
7498 0
7499 2
7500 1
7501 3
7502 3
7503 3
7504 1
7505 4
7506 2
7507 1
7508 3
7509 2
7510 2
7511 3
7512 29
7513 166
7514 241
7515 95
7516 40
7517 21
7518 14
7519 13
7520 0
7521 0
7522 0
7523 0
7524 0
7525 0
7526 0
7527 0
7528 0
7529 0
7530 0
7531 0
7532 21
7533 0
7534 0
7535 0
7536 2
7537 5
7538 0
7539 0
7540 0
7541 1
7542 4
7543 0
7544 1
7545 0
7546 2
7547 5
7548 16
7549 5
7550 0
7551 1
7552 5
7553 1
7554 7
7555 1
7556 1
7557 1
7558 0
7559 14
7560 9
7561 1
7562 1
7563 0
7564 0
7565 1
7566 0
7567 20
7568 22
7569 12
7570 0
7571 1
7572 2
7573 19
7574 3
7575 2
7576 0
7577 0
7578 0
7579 3
7580 1
7581 4
7582 3
7583 3
7584 2
7585 1
7586 1
7587 3
7588 1
7589 3
7590 1
7591 16
7592 9
7593 0
7594 0
7595 0
7596 0
7597 0
7598 0
7599 0
7600 0
7601 1
7602 0
7603 2
7604 3
7605 1
7606 2
7607 4
7608 2
7609 0
7610 3
7611 3
7612 1
7613 4
7614 0
7615 0
7616 0
7617 0
7618 0
7619 0
7620 0
7621 0
7622 0
7623 0
7624 0
7625 0
7626 0
7627 3
7628 11
7629 13
7630 2
7631 4
7632 3
7633 1
7634 1
7635 1
7636 2
7637 3
7638 0
7639 5
7640 5
7641 2
7642 1
7643 0
7644 0
7645 0
7646 0
7647 0
7648 0
7649 1
7650 11
7651 8
7652 2
7653 1
7654 0
7655 0
7656 0
7657 1
7658 1
7659 1
7660 1
7661 1
7662 1
7663 1
7664 1
7665 1
7666 1
7667 5
7668 2
7669 1
7670 1
7671 1
7672 1
7673 1
7674 0
7675 1
7676 1
7677 1
7678 1
7679 1
7680 3
7681 4
7682 0
7683 1
7684 2
7685 3
7686 1
7687 1
7688 0
7689 1
7690 1
7691 1
7692 2
7693 0
7694 0
7695 3
7696 1
7697 2
7698 1
7699 2
7700 1
7701 2
7702 2
7703 1
7704 1
7705 3
7706 2
7707 7
7708 16
7709 33
7710 54
7711 43
7712 33
7713 23
7714 27
7715 25
7716 28
7717 50
7718 52
7719 50
7720 45
7721 42
7722 26
7723 156
7724 310
7725 482
7726 237
7727 479
7728 4
7729 0
7730 0
7731 0
7732 0
7733 0
7734 0
7735 0
7736 0
7737 0
7738 0
7739 46
7740 352
7741 1644
7742 990
7743 611
7744 146
7745 358
7746 269
7747 0
7748 0
7749 0
7750 0
7751 1
7752 0
7753 0
7754 1
7755 1
7756 1
7757 1
7758 1
7759 1
7760 1
7761 1
7762 1
7763 1
7764 1
7765 1
7766 1
7767 1
7768 1
7769 2
7770 1
7771 1
7772 1
7773 1
7774 1
7775 1
7776 1
7777 2
7778 2
7779 1
7780 1
7781 1
7782 1
7783 1
7784 1
7785 3
7786 2
7787 3
7788 2
7789 1
7790 1
7791 1
7792 1
7793 2
7794 2
7795 1
7796 1
7797 2
7798 1
7799 2
7800 1
7801 1
7802 2
7803 1
7804 2
7805 2
7806 1
7807 1
7808 3
7809 2
7810 2
7811 2
7812 1
7813 1
7814 1
7815 1
7816 2
7817 1
7818 1
7819 1
7820 2
7821 3
7822 1
7823 1
7824 2
7825 1
7826 2
7827 9
7828 7
7829 3
7830 13
7831 16
7832 17
7833 19
7834 19
7835 16
7836 19
7837 27
7838 21
7839 34
7840 21
7841 16
7842 20
7843 9
7844 15
7845 7
7846 9
7847 20
7848 39
7849 20
7850 21
7851 32
7852 46
7853 49
7854 42
7855 47
7856 53
7857 48
7858 60
7859 90
7860 78
7861 82
7862 72
7863 50
7864 67
7865 67
7866 56
7867 55
7868 73
7869 51
7870 59
7871 58
7872 61
7873 67
7874 71
7875 91
7876 97
7877 89
7878 96
7879 101
7880 94
7881 114
7882 128
7883 108
7884 92
7885 114
7886 109
7887 125
7888 148
7889 159
7890 136
7891 147
7892 151
7893 137
7894 158
7895 150
7896 155
7897 154
7898 146
7899 156
7900 184
7901 182
7902 153
7903 138
7904 122
7905 111
7906 87
7907 92
7908 71
7909 68
7910 89
7911 61
7912 68
7913 85
7914 82
7915 72
7916 82
7917 107
7918 113
7919 110
7920 98
7921 169
7922 211
7923 213
7924 204
7925 171
7926 170
7927 159
7928 162
7929 153
7930 179
7931 123
7932 121
7933 132
7934 197
7935 225
7936 242
7937 282
7938 254
7939 276
7940 274
7941 166
7942 138
7943 156
7944 170
7945 154
7946 211
7947 169
7948 326
7949 372
7950 467
7951 360
7952 483
7953 519
7954 437
7955 450
7956 536
7957 340
7958 363
7959 680
7960 655
7961 470
7962 499
7963 648
7964 531
7965 540
7966 540
7967 323
7968 397
7969 482
7970 523
7971 459
7972 443
7973 424
7974 378
7975 458
7976 430
7977 445
7978 419
7979 450
7980 400
7981 526
7982 403
7983 473
7984 489
7985 392
7986 490
7987 467
7988 480
7989 464
7990 470
7991 487
7992 494
7993 498
7994 476
7995 421
7996 438
7997 430
7998 271
7999 179
8000 233
8001 205
8002 188
8003 249
8004 304
8005 126
8006 299
8007 312
8008 312
8009 252
8010 315
8011 493
8012 503
8013 433
8014 287
8015 317
8016 441
8017 504
8018 437
8019 303
8020 283
8021 414
8022 584
8023 376
8024 310
8025 215
8026 306
8027 429
8028 450
8029 416
8030 352
8031 395
8032 293
8033 267
8034 242
8035 212
8036 168
8037 129
8038 79
8039 54
8040 166
8041 146
8042 326
8043 268
8044 254
8045 129
8046 125
8047 96
8048 109
8049 85
8050 146
8051 124
8052 105
8053 116
8054 253
8055 199
8056 85
8057 45
8058 35
8059 26
8060 92
8061 81
8062 61
8063 67
8064 60
8065 45
8066 53
8067 46
8068 60
8069 57
8070 74
8071 70
8072 75
8073 108
8074 145
8075 165
8076 141
8077 136
8078 125
8079 127
8080 121
8081 143
8082 302
8083 246
8084 160
8085 118
8086 146
8087 108
8088 106
8089 132
8090 89
8091 133
8092 272
8093 219
8094 171
8095 131
8096 144
8097 160
8098 132
8099 123
8100 182
8101 231
8102 302
8103 351
8104 320
8105 229
8106 306
8107 338
8108 320
8109 366
8110 284
8111 227
8112 254
8113 290
8114 286
8115 431
8116 559
8117 523
8118 513
8119 574
8120 561
8121 615
8122 565
8123 579
8124 654
8125 719
8126 629
8127 464
8128 237
8129 188
8130 422
8131 342
8132 296
8133 362
8134 257
8135 193
8136 186
8137 152
8138 141
8139 133
8140 147
8141 322
8142 278
8143 262
8144 244
8145 155
8146 114
8147 144
8148 162
8149 152
8150 161
8151 167
8152 196
8153 325
8154 337
8155 372
8156 253
8157 246
8158 215
8159 213
8160 223
8161 256
8162 257
8163 182
8164 219
8165 295
8166 286
8167 258
8168 315
8169 314
8170 373
8171 421
8172 326
8173 289
8174 320
8175 332
8176 297
8177 264
8178 254
8179 259
8180 282
8181 262
8182 249
8183 226
8184 211
8185 229
8186 328
8187 349
8188 336
8189 294
8190 265
8191 262
8192 236
8193 216
8194 223
8195 239
8196 238
8197 262
8198 299
8199 348
8200 318
8201 332
8202 268
8203 371
8204 423
8205 462
8206 397
8207 346
8208 298
8209 196
8210 154
8211 145
8212 303
8213 356
8214 358
8215 289
8216 291
8217 268
8218 247
8219 263
8220 285
8221 313
8222 321
8223 302
8224 290
8225 333
8226 311
8227 280
8228 283
8229 238
8230 206
8231 218
8232 292
8233 267
8234 313
8235 306
8236 196
8237 161
8238 146
8239 185
8240 203
8241 178
8242 150
8243 159
8244 163
8245 189
8246 208
8247 196
8248 142
8249 106
8250 181
8251 164
8252 151
8253 165
8254 151
8255 141
8256 143
8257 140
8258 203
8259 203
8260 213
8261 274
8262 230
8263 292
8264 170
8265 176
8266 274
8267 285
8268 257
8269 240
8270 230
8271 167
8272 240
8273 179
8274 220
8275 259
8276 259
8277 240
8278 253
8279 212
8280 219
8281 240
8282 247
8283 231
8284 229
8285 219
8286 189
8287 190
8288 194
8289 115
8290 333
8291 135
8292 171
8293 326
8294 236
8295 240
8296 199
8297 97
8298 65
8299 64
8300 1
8301 22
8302 52
8303 41
8304 71
8305 47
8306 29
8307 33
8308 38
8309 66
8310 93
8311 84
8312 133
8313 178
8314 207
8315 228
8316 218
8317 244
8318 244
8319 251
8320 257
8321 259
8322 240
8323 252
8324 269
8325 256
8326 258
8327 238
8328 248
8329 256
8330 252
8331 261
8332 266
8333 255
8334 248
8335 261
8336 249
8337 265
8338 266
8339 265
8340 255
8341 269
8342 256
8343 270
8344 279
8345 287
8346 268
8347 280
8348 279
8349 276
8350 262
8351 261
8352 260
8353 275
8354 257
8355 249
8356 255
8357 238
8358 257
8359 281
8360 257
8361 271
8362 256
8363 270
8364 276
8365 265
8366 275
8367 271
8368 268
8369 258
8370 268
8371 270
8372 275
8373 276
8374 280
8375 282
8376 282
8377 287
8378 266
8379 260
8380 275
8381 265
8382 270
8383 276
8384 272
8385 274
8386 279
8387 265
8388 270
8389 275
8390 269
8391 277
8392 284
8393 276
8394 282
8395 276
8396 279
8397 270
8398 273
8399 269
8400 277
8401 267
8402 285
8403 275
8404 273
8405 288
8406 279
8407 270
8408 262
8409 264
8410 258
8411 264
8412 264
8413 258
8414 257
8415 278
8416 274
8417 259
8418 257
8419 268
8420 272
8421 273
8422 272
8423 282
8424 299
8425 274
8426 280
8427 272
8428 282
8429 280
8430 265
8431 282
8432 277
8433 277
8434 279
8435 274
8436 279
8437 294
8438 282
8439 284
8440 279
8441 276
8442 283
8443 272
8444 263
8445 272
8446 265
8447 275
8448 269
8449 287
8450 273
8451 287
8452 284
8453 282
8454 270
8455 274
8456 280
8457 285
8458 262
8459 269
8460 271
8461 284
8462 268
8463 263
8464 275
8465 269
8466 268
8467 270
8468 279
8469 283
8470 286
8471 284
8472 276
8473 281
8474 286
8475 270
8476 284
8477 259
8478 278
8479 283
8480 284
8481 281
8482 279
8483 283
8484 268
8485 270
8486 280
8487 265
8488 284
8489 283
8490 279
8491 286
8492 276
8493 286
8494 290
8495 282
8496 282
8497 280
8498 262
8499 289
8500 270
8501 284
8502 282
8503 272
8504 284
8505 281
8506 287
8507 270
8508 279
8509 272
8510 274
8511 283
8512 284
8513 277
8514 286
8515 290
8516 282
8517 295
8518 282
8519 285
8520 274
8521 281
8522 280
8523 292
8524 284
8525 290
8526 288
8527 307
8528 277
8529 285
8530 290
8531 303
8532 291
8533 285
8534 284
8535 289
8536 292
8537 279
8538 275
8539 281
8540 277
8541 282
8542 277
8543 292
8544 283
8545 290
8546 280
8547 289
8548 285
8549 270
8550 283
8551 273
8552 291
8553 287
8554 271
8555 276
8556 286
8557 293
8558 278
8559 290
8560 295
8561 295
8562 292
8563 301
8564 296
8565 292
8566 296
8567 297
8568 290
8569 286
8570 297
8571 292
8572 296
8573 288
8574 291
8575 297
8576 294
8577 290
8578 295
8579 297
8580 298
8581 296
8582 291
8583 290
8584 293
8585 293
8586 286
8587 289
8588 293
8589 301
8590 294
8591 301
8592 289
8593 290
8594 298
8595 292
8596 298
8597 279
8598 280
8599 294
8600 298
8601 297
8602 304
8603 299
8604 296
8605 298
8606 281
8607 293
8608 301
8609 300
8610 293
8611 282
8612 301
8613 303
8614 300
8615 297
8616 298
8617 294
8618 298
8619 298
8620 313
8621 297
8622 303
8623 287
8624 280
8625 286
8626 287
8627 280
8628 299
8629 300
8630 292
8631 298
8632 289
8633 307
8634 301
8635 276
8636 298
8637 278
8638 301
8639 302
8640 295
8641 285
8642 282
8643 282
8644 293
8645 291
8646 282
8647 281
8648 288
8649 292
8650 290
8651 286
8652 271
8653 287
8654 285
8655 288
8656 292
8657 283
8658 282
8659 275
8660 284
8661 272
8662 286
8663 296
8664 301
8665 284
8666 291
8667 296
8668 285
8669 291
8670 293
8671 286
8672 282
8673 287
8674 285
8675 283
8676 277
8677 282
8678 294
8679 278
8680 277
8681 293
8682 270
8683 284
8684 285
8685 287
8686 277
8687 278
8688 290
8689 292
8690 292
8691 294
8692 283
8693 291
8694 290
8695 287
8696 289
8697 285
8698 291
8699 294
8700 301
8701 294
8702 292
8703 295
8704 287
8705 284
8706 280
8707 294
8708 286
8709 294
8710 297
8711 299
8712 292
8713 291
8714 300
8715 287
8716 303
8717 284
8718 301
8719 298
8720 294
8721 295
8722 301
8723 305
8724 309
8725 298
8726 303
8727 280
8728 295
8729 305
8730 306
8731 284
8732 303
8733 302
8734 294
8735 294
8736 295
8737 304
8738 315
8739 294
8740 306
8741 312
8742 300
8743 309
8744 313
8745 304
8746 310
8747 293
8748 302
8749 303
8750 298
8751 306
8752 299
8753 297
8754 296
8755 300
8756 305
8757 285
8758 301
8759 302
8760 309
8761 307
8762 291
8763 294
8764 304
8765 310
8766 305
8767 301
8768 287
8769 295
8770 297
8771 305
8772 301
8773 308
8774 316
8775 302
8776 316
8777 301
8778 297
8779 298
8780 303
8781 302
8782 294
8783 302
8784 292
8785 293
8786 292
8787 301
8788 301
8789 296
8790 313
8791 293
8792 300
8793 311
8794 292
8795 299
8796 303
8797 300
8798 294
8799 299
8800 301
8801 311
8802 290
8803 293
8804 294
8805 288
8806 296
8807 292
8808 305
8809 305
8810 287
8811 298
8812 309
8813 299
8814 307
8815 306
8816 287
8817 306
8818 304
8819 300
8820 287
8821 315
8822 297
8823 291
8824 302
8825 290
8826 304
8827 288
8828 300
8829 294
8830 287
8831 302
8832 285
8833 293
8834 305
8835 307
8836 300
8837 299
8838 303
8839 296
8840 300
8841 312
8842 289
8843 293
8844 288
8845 302
8846 310
8847 295
8848 296
8849 298
8850 306
8851 306
8852 294
8853 295
8854 294
8855 303
8856 299
8857 306
8858 300
8859 303
8860 299
8861 294
8862 306
8863 307
8864 293
8865 296
8866 308
8867 309
8868 315
8869 303
8870 311
8871 302
8872 284
8873 305
8874 300
8875 307
8876 294
8877 297
8878 306
8879 296
8880 300
8881 294
8882 316
8883 290
8884 293
8885 296
8886 308
8887 302
8888 289
8889 310
8890 294
8891 307
8892 308
8893 290
8894 303
8895 294
8896 317
8897 295
8898 307
8899 294
8900 299
8901 293
8902 299
8903 305
8904 312
8905 306
8906 303
8907 293
8908 311
8909 302
8910 303
8911 301
8912 303
8913 298
8914 299
8915 311
8916 310
8917 298
8918 293
8919 304
8920 313
8921 303
8922 295
8923 299
8924 303
8925 307
8926 303
8927 294
8928 286
8929 299
8930 294
8931 303
8932 301
8933 297
8934 310
8935 299
8936 305
8937 308
8938 301
8939 305
8940 297
8941 298
8942 289
8943 296
8944 309
8945 300
8946 298
8947 320
8948 313
8949 303
8950 306
