param settings:IsolationForest(behaviour='new', bootstrap=False, contamination=0.2,
        max_features=1.0, max_samples=100, n_estimators=100, n_jobs=None,
        random_state=None, verbose=0)
cluster_thresh:
feature select:['lbp', 'gab', 'glcm', 'hog', 'ori']
precision: {'precision_b1': 0.7333, 'precision': 0.9138, 'acc': 0.8776, 'recall_b1': 0.6804, 'recall': 0.9319, 'false_alert_b1': 0.26670000000000005, 'miss_alert_b1': 0.3196, 'false_alert': 0.08620000000000005, 'miss_alert': 0.06810000000000005, 'intersect_1': 657, 'intersect_b1': 132}
all_predict:
sum:899
1 class :719
[3, 4, 6, 7, 8, 9, 10, 11, 12, 13, 14, 15, 16, 17, 18, 19, 20, 21, 22, 23, 24, 25, 26, 27, 28, 29, 30, 31, 32, 33, 34, 35, 36, 37, 38, 39, 40, 41, 42, 43, 44, 45, 46, 47, 48, 49, 50, 51, 52, 53, 54, 55, 56, 57, 58, 59, 60, 61, 62, 63, 64, 65, 66, 67, 68, 69, 70, 71, 72, 73, 74, 75, 76, 77, 78, 79, 80, 81, 82, 83, 84, 85, 86, 87, 88, 89, 90, 91, 92, 93, 94, 95, 96, 97, 98, 99, 100, 101, 102, 103, 104, 105, 106, 107, 108, 109, 110, 111, 112, 113, 114, 115, 116, 117, 118, 119, 120, 121, 122, 123, 124, 125, 126, 127, 128, 129, 130, 131, 132, 133, 134, 135, 136, 137, 138, 139, 140, 141, 142, 143, 144, 145, 146, 147, 148, 149, 150, 151, 152, 153, 154, 155, 156, 157, 158, 159, 160, 161, 162, 163, 164, 165, 166, 167, 168, 169, 170, 171, 172, 173, 174, 175, 176, 177, 178, 179, 180, 181, 182, 183, 184, 185, 186, 187, 188, 189, 190, 191, 192, 193, 194, 195, 196, 197, 198, 199, 200, 201, 202, 203, 204, 205, 206, 207, 208, 209, 210, 211, 212, 213, 214, 223, 243, 261, 262, 263, 264, 265, 266, 267, 268, 269, 270, 271, 272, 273, 274, 275, 276, 277, 278, 279, 280, 281, 282, 283, 284, 285, 286, 287, 288, 289, 290, 291, 292, 293, 294, 295, 296, 297, 298, 299, 300, 301, 302, 303, 304, 305, 306, 307, 308, 309, 310, 311, 312, 313, 314, 315, 316, 317, 318, 319, 320, 321, 322, 323, 324, 325, 326, 327, 328, 329, 330, 331, 332, 333, 334, 335, 336, 337, 338, 339, 340, 341, 342, 343, 344, 345, 346, 347, 348, 349, 350, 351, 352, 353, 354, 355, 356, 357, 358, 359, 360, 361, 362, 363, 364, 365, 366, 367, 368, 369, 370, 371, 372, 373, 374, 375, 376, 377, 378, 379, 380, 381, 382, 383, 384, 385, 386, 387, 388, 389, 390, 391, 392, 393, 394, 395, 396, 397, 398, 399, 400, 401, 402, 403, 404, 405, 406, 407, 408, 409, 410, 411, 412, 413, 414, 415, 416, 417, 418, 419, 420, 421, 422, 423, 424, 425, 426, 427, 428, 429, 430, 431, 432, 433, 434, 435, 436, 437, 438, 439, 440, 441, 442, 444, 445, 446, 447, 448, 449, 450, 451, 452, 453, 454, 455, 456, 457, 458, 459, 460, 461, 462, 463, 464, 465, 466, 468, 469, 470, 471, 472, 473, 474, 475, 476, 477, 478, 479, 480, 481, 482, 483, 484, 485, 489, 490, 491, 494, 495, 496, 497, 498, 500, 501, 502, 504, 505, 509, 510, 511, 512, 513, 514, 515, 516, 517, 518, 519, 520, 521, 522, 523, 524, 525, 526, 527, 528, 529, 530, 531, 532, 533, 534, 535, 536, 537, 538, 539, 540, 541, 542, 543, 544, 545, 546, 547, 548, 549, 550, 551, 552, 553, 554, 555, 556, 557, 558, 559, 560, 561, 562, 563, 564, 565, 566, 567, 575, 578, 579, 580, 581, 582, 583, 584, 585, 586, 587, 588, 589, 590, 591, 592, 593, 594, 595, 596, 597, 598, 599, 600, 601, 602, 603, 604, 605, 606, 607, 608, 609, 610, 611, 612, 613, 614, 615, 616, 617, 618, 619, 620, 621, 622, 623, 624, 625, 626, 627, 628, 629, 630, 631, 632, 633, 634, 635, 636, 637, 638, 639, 640, 641, 642, 643, 644, 645, 646, 647, 648, 649, 650, 651, 652, 653, 654, 655, 656, 657, 658, 659, 660, 661, 662, 663, 664, 665, 666, 667, 668, 669, 670, 671, 672, 673, 674, 675, 676, 677, 678, 679, 680, 681, 682, 683, 684, 685, 686, 687, 688, 689, 690, 691, 692, 693, 694, 695, 696, 697, 698, 699, 700, 701, 702, 703, 704, 705, 706, 709, 710, 711, 712, 713, 714, 715, 716, 717, 718, 719, 720, 721, 722, 723, 729, 733, 734, 735, 736, 737, 738, 739, 740, 741, 742, 743, 744, 745, 768, 769, 793, 795, 796, 797, 798, 799, 800, 801, 802, 803, 804, 805, 806, 807, 808, 809, 810, 811, 812, 813, 814, 815, 816, 817, 818, 819, 820, 821, 822, 823, 824, 825, 826, 827, 828, 829, 830, 831, 832, 833, 834, 835, 836, 837, 838, 839, 840, 841, 842, 846]
-1 class :180
[1, 2, 5, 215, 216, 217, 218, 219, 220, 221, 222, 224, 225, 226, 227, 228, 229, 230, 231, 232, 233, 234, 235, 236, 237, 238, 239, 240, 241, 242, 244, 245, 246, 247, 248, 249, 250, 251, 252, 253, 254, 255, 256, 257, 258, 259, 260, 443, 467, 486, 487, 488, 492, 493, 499, 503, 506, 507, 508, 568, 569, 570, 571, 572, 573, 574, 576, 577, 707, 708, 724, 725, 726, 727, 728, 730, 731, 732, 746, 747, 748, 749, 750, 751, 752, 753, 754, 755, 756, 757, 758, 759, 760, 761, 762, 763, 764, 765, 766, 767, 770, 771, 772, 773, 774, 775, 776, 777, 778, 779, 780, 781, 782, 783, 784, 785, 786, 787, 788, 789, 790, 791, 792, 794, 843, 844, 845, 847, 848, 849, 850, 851, 852, 853, 854, 855, 856, 857, 858, 859, 860, 861, 862, 863, 864, 865, 866, 867, 868, 869, 870, 871, 872, 873, 874, 875, 876, 877, 878, 879, 880, 881, 882, 883, 884, 885, 886, 887, 888, 889, 890, 891, 892, 893, 894, 895, 896, 897, 898, 899]

score : [-0.01250564  0.05637653  0.07737389  0.09423377  0.08995185  0.0935854
  0.10036817  0.09562794  0.09949184  0.09558793  0.08942103  0.08477116
  0.05857631  0.08522233  0.08716101  0.09058896  0.08718462  0.08854242
  0.08164918  0.08581934  0.08450424  0.08894722  0.07853635  0.06633877
  0.0914248   0.07353706  0.08743969  0.09407593  0.09121255  0.08737805
  0.10018608  0.09438258  0.09140817  0.10099543  0.0817781   0.10299134
  0.09953595  0.089607    0.095664    0.09966934  0.10433014  0.104537
  0.09041565  0.08771625  0.08186326  0.09153861  0.09661721  0.09199709
  0.08648623  0.10637135  0.10329425  0.10515547  0.10389068  0.11453204
  0.10179279  0.11103332  0.09947766  0.10303201  0.09701824  0.10477746
  0.10489245  0.1004651   0.11007126  0.10066189  0.10127144  0.10961304
  0.117963    0.09420384  0.11194325  0.10294553  0.11408201  0.10978197
  0.10717679  0.10277609  0.1121706   0.08944462  0.10720014  0.10541865
  0.07791205  0.10607482  0.10566469  0.1012863   0.10189003  0.10169855
  0.09716567  0.0947441   0.08783937  0.09536074  0.09514572  0.08160978
  0.09466517  0.09366613  0.09199599  0.09790079  0.08890284  0.09321127
  0.09057835  0.08874927  0.09384303  0.09619495  0.10640381  0.09447858
  0.08812392  0.08960561  0.08579465  0.08285897  0.08698397  0.08683198
  0.08776431  0.06551384  0.08338871 -0.0130859   0.08849478  0.08052788
  0.07830903  0.0897341   0.08724601  0.06322818  0.0607191   0.03655439
  0.03422059  0.05874798  0.0748338   0.10844651  0.06979101  0.05925463
  0.05930214  0.02460327  0.00081713 -0.00780284 -0.00739593 -0.01872244
 -0.01709793 -0.01842326  0.09831319 -0.01718116 -0.01131213 -0.01172709
  0.00067419 -0.01177613 -0.02491565 -0.02185441 -0.03184128 -0.03291679
 -0.02953305  0.08627818 -0.02009575 -0.02882941 -0.09805397 -0.09294552
 -0.06873132 -0.0801902  -0.08797376 -0.07180911 -0.06376584 -0.02820426
  0.10502511 -0.03631397 -0.0251968  -0.00646556  0.0066165  -0.0063085
 -0.03636027 -0.04330985 -0.05054711 -0.04041964 -0.04411376  0.0938048
 -0.04268529 -0.04069036 -0.02944039 -0.02604002 -0.02061002 -0.02526647
 -0.03326524 -0.03205554 -0.03035831 -0.02979393  0.09702533 -0.02673442
  0.0065357   0.037139    0.05812801  0.06351709  0.06619546  0.08807385
  0.08290357  0.09123865  0.09332164  0.11356034  0.10056947  0.09419331
  0.09548302  0.0995183   0.10147925  0.11107115  0.10721348  0.11464411
  0.11340286  0.11537587  0.11178803  0.11876183  0.11361728  0.11502312
  0.11811434  0.10889217  0.1126434   0.11714429  0.11220588  0.1097891
  0.09154311  0.1142862   0.09238418  0.08240062  0.0956834   0.11432018
  0.12523687  0.11631506  0.1108954   0.09855356  0.10018751  0.09914925
  0.02166     0.10248918  0.10058264  0.11053903  0.115768    0.11288878
  0.10698436  0.10759618  0.12030657  0.11334489  0.10919172  0.1019974
  0.09107812  0.10222304  0.10055366  0.10750386  0.09377391  0.10796486
  0.10593367  0.1016292   0.10617141  0.10658614  0.10913349  0.07988495
  0.11583061  0.10672128  0.09958985  0.10134525  0.11098252  0.09842377
  0.09829605  0.09349251  0.10047986  0.08452672  0.08887589  0.08511769
  0.09532918  0.08866254  0.10524468  0.0997584   0.09698579  0.10188033
  0.08669354  0.08399588  0.09041183  0.0899593   0.10151665  0.08488559
  0.08132948  0.07634276  0.06921386  0.07538395  0.07179869  0.08812161
  0.10380688  0.10003642  0.0938083   0.09926851  0.11045067  0.1101243
  0.10889094  0.08973195  0.0907572   0.08440709  0.08902602  0.06473224
  0.07028224  0.099039    0.0742777   0.0624745   0.06540491  0.07609623
  0.07648072  0.07933565  0.07911939  0.08583839  0.0900498   0.07712453
  0.09884811  0.07394681  0.08018481  0.0628888   0.07176647  0.09266028
  0.10288332  0.09694552  0.1069729   0.10197448  0.10844309  0.10645277
  0.10815515  0.10240973  0.10783119  0.12209532  0.11934867  0.12137799
  0.1201225   0.11904972  0.11647793  0.11780512  0.09928054  0.1134619
  0.11382552  0.12038931  0.11477231  0.11303733  0.11859003  0.11229926
  0.11067235  0.10910896  0.1117395   0.02012389  0.08652499  0.10855106
  0.10691531  0.11355426  0.11513498  0.1176872   0.1122744   0.10759648
  0.11215924  0.11733565  0.11658964  0.08131466  0.11566393  0.11183421
  0.11398543  0.11502961  0.11763898  0.11786241  0.11649851  0.11775794
  0.11758854  0.11738239  0.05611101  0.11210802  0.10912442  0.10796835
  0.10417836  0.11259603  0.11363045  0.10783243  0.11256267  0.11110721
  0.10955146  0.05802879  0.10843454  0.11346786  0.10386316  0.11279179
  0.10822008  0.10891087  0.1162187   0.11058144  0.09784896  0.10126081
  0.04931183  0.11375435  0.10298381  0.08714842 -0.02076867  0.10470031
  0.09394003  0.08855022  0.08780817  0.08814598  0.09309778  0.04710774
  0.09537308  0.09091662  0.08638746  0.08682063  0.08817744  0.08935327
  0.11388723  0.1032553   0.09744538  0.1071822   0.05245132  0.10827899
  0.1132783   0.11030761  0.11073228  0.11574817  0.09932025  0.08335079
 -0.03110589  0.08755414  0.0829615   0.03740611  0.07286942  0.05657188
  0.06406685  0.05507769  0.05770008  0.05227127  0.07580043  0.08047028
  0.08385266  0.08553947  0.04330152  0.09872349  0.09639738  0.07343311
  0.04947908  0.04854058  0.08085522 -0.00145448 -0.00802007 -0.02515217
  0.03315041  0.04081411  0.00728183  0.0105293  -0.06167746 -0.04659043
  0.05397935  0.06147272  0.044885    0.00971276  0.00729044 -0.03853351
 -0.00726422  0.04742384  0.00642257  0.0111539   0.07272162 -0.00572677
  0.048451    0.02185701 -0.03749657 -0.05200651 -0.00909927  0.06988987
  0.05342116  0.03073807  0.01874959  0.02351647  0.10139068  0.07509276
  0.08773949  0.10598019  0.10491839  0.10162742  0.09805184  0.06828228
  0.10552384  0.10726314  0.09903163  0.08709427  0.08909965  0.09293199
  0.0954275   0.08240373  0.06468033  0.07342855  0.08025981  0.0847119
  0.10819385  0.11303396  0.11365991  0.11310474  0.11425909  0.11225111
  0.08074264  0.07721617  0.096699    0.09274305  0.1115733   0.08504031
  0.10473085  0.1064416   0.11345521  0.11818256  0.11536158  0.11049994
  0.10666507  0.09871888  0.09638198  0.08911389  0.10088771  0.10433284
  0.09867065  0.08921082  0.08181991  0.08612138  0.10224066  0.10696371
  0.09624022  0.095078    0.09456932  0.09768803  0.1007026   0.06614727
  0.06956941  0.0572352   0.06332351  0.07723552 -0.00082026 -0.00296246
  0.09397145 -0.02166647 -0.01979383 -0.04658382 -0.02917244 -0.0032312
  0.01106659 -0.01165054 -0.01522347  0.02922824  0.03815844  0.1010591
  0.09204797  0.06603223  0.02621722  0.04556057  0.08226697  0.05770163
  0.06699778  0.10403728  0.10354604  0.0894654   0.1006943   0.09171422
  0.10771498  0.10232942  0.09637331  0.09391269  0.09563339  0.09100481
  0.09277687  0.09083642  0.09125561  0.03258838  0.10257375  0.083658
  0.08718758  0.08273324  0.07988433  0.08903293  0.0761609   0.06056214
  0.05356687  0.07297048  0.08267067  0.10779899  0.08275653  0.06247162
  0.07073595  0.08486863  0.09025986  0.09049459  0.08491058  0.08608865
  0.08910546  0.09434628  0.10265348  0.09815355  0.10070937  0.10146109
  0.09370095  0.09584512  0.09374428  0.09073664  0.08041555  0.08878225
  0.09101799  0.10451931  0.08687069  0.09235997  0.08646695  0.08679346
  0.09048807  0.08073537  0.08746646  0.09137523  0.09024829  0.09076717
  0.10519775  0.09540124  0.09366012  0.10151031  0.09563072  0.09715845
  0.09653855  0.09318018  0.09200761  0.09162388  0.09382187  0.10048272
  0.08630256  0.09053788  0.09038388  0.08877922  0.08815034  0.08600501
  0.08236208  0.08693803  0.09343173  0.09044838  0.10661276  0.0905579
  0.09344085  0.08526211  0.07987999  0.08463859  0.07648325  0.07646341
  0.07766181  0.07508499  0.08548864  0.1003764   0.07813989  0.0800392
  0.07538343  0.07542735  0.07542178  0.07565695  0.07683199  0.07574923
  0.0790297   0.07724335  0.10349058  0.07172512  0.07787634  0.07978653
  0.08296093  0.0827454   0.0794564   0.07725666  0.08051956  0.07724064
  0.08461422  0.10705754  0.07703187  0.08132482  0.07537767  0.07407565
  0.07063775  0.06875553  0.05661546  0.06543176  0.06951012  0.0750118
  0.04548898  0.10811989  0.08273962  0.09375544  0.09801032  0.0911772
  0.10280573  0.09086077  0.04214167 -0.04919469 -0.04488413  0.0611192
  0.10178093  0.06282864  0.06374075  0.06747617  0.08883662  0.08085404
  0.09084542  0.05862143  0.06953165  0.04045506  0.00419796  0.10447168
  0.01698498  0.00554515  0.03201048  0.05088059 -0.01033882 -0.04261492
 -0.05975989 -0.04229366 -0.00985968  0.04345885  0.0926213  -0.06285664
 -0.07946484 -0.06542494  0.03815982  0.03213745  0.04653541  0.04176222
  0.04570469  0.04692063  0.04663904  0.09277932  0.04346987  0.03069427
  0.03453925  0.04845367  0.02859546  0.00040337 -0.07444589 -0.05757801
 -0.0677041  -0.07098137  0.09862106 -0.0857179  -0.06158283 -0.09154659
 -0.05893725 -0.03279333 -0.09780349 -0.08244412 -0.07636453 -0.05602931
 -0.04012635  0.08871878 -0.03242915 -0.01559134 -0.00209597 -0.00145084
 -0.00060506 -0.01298104 -0.01961802 -0.00941388  0.00192391  0.00048788
  0.07838302 -0.03042393 -0.01274357 -0.02384162 -0.02391767 -0.09357551
 -0.02495822 -0.0361857  -0.04907596 -0.0490179  -0.10401954  0.09422272
 -0.10247513 -0.1017786  -0.1071949  -0.11131535 -0.06705695 -0.06060799
 -0.05739028 -0.04716701 -0.04593324 -0.02806976  0.08352615 -0.03757285
 -0.02442665 -0.00646371  0.00093165 -0.00307826  0.01432893  0.02171189
  0.043993    0.05216195  0.01198834  0.06373284  0.09360721  0.01632538
  0.02371915  0.03111561  0.04926982  0.04947432  0.05171748  0.04821254
  0.04358452  0.05539119  0.0422752   0.0904695   0.05484621  0.03537597
  0.04068504  0.0318062   0.02845722  0.04192088  0.03781885  0.03978175
  0.03457353  0.0352894   0.08543912  0.01657301  0.01808566  0.03186695
  0.02611153  0.02599353  0.03759494  0.02261584  0.04093119  0.02135632
  0.01788302  0.08030921  0.01480113  0.02599945  0.04938139  0.02965236
  0.05951914  0.05041716  0.05017515  0.05918401  0.04233295  0.05536782
  0.09585847  0.06530664  0.06358747  0.04510908 -0.05057737 -0.04409362
 -0.04598373  0.04266447 -0.07089947 -0.06421997 -0.04691797  0.09271809
 -0.06872979 -0.06686469 -0.06165113 -0.07235136 -0.07098728 -0.07314131
 -0.07375287 -0.0680446  -0.06572118 -0.06670982  0.07716078 -0.06477854
 -0.05713642 -0.06247519 -0.06494713 -0.07293562 -0.07311322 -0.06453605
 -0.07144708 -0.06219912 -0.09755638  0.08487932 -0.08197509 -0.08998911
 -0.10760998 -0.09456662 -0.0966405  -0.09318517 -0.07505308 -0.07766656
 -0.08443406 -0.06998371  0.07472271 -0.08287347 -0.08237347 -0.10023823
 -0.09758002 -0.10842478 -0.10651946 -0.11843519 -0.11151778 -0.13270302
 -0.15074916  0.08806603 -0.15698134 -0.15337094 -0.14966275 -0.1393559
 -0.15514465 -0.14892099 -0.13420394 -0.12343306 -0.1346104  -0.13744531
  0.05264562  0.07776132  0.06758298  0.06127234  0.06837015  0.08015821
  0.08511516  0.08733943  0.08262367  0.03631632  0.06996292]
