param settings:EllipticEnvelope(assume_centered=False, contamination=0.2, random_state=None,
         store_precision=True, support_fraction=0.7)
cluster_thresh:
feature select:['ori']
precision: {'precision_b1': 0.5333, 'precision': 0.8637, 'acc': 0.7976, 'recall_b1': 0.4948, 'recall': 0.8809, 'false_alert_b1': 0.4667, 'miss_alert_b1': 0.5052, 'false_alert': 0.13629999999999998, 'miss_alert': 0.11909999999999998, 'intersect_1': 621, 'intersect_b1': 96}
all_predict:
sum:899
1 class :719
[1, 2, 3, 4, 5, 6, 7, 8, 9, 10, 11, 12, 13, 14, 15, 16, 17, 18, 19, 20, 21, 22, 23, 24, 25, 26, 27, 28, 29, 30, 31, 32, 33, 34, 35, 36, 37, 38, 39, 40, 41, 46, 47, 48, 49, 50, 51, 52, 53, 54, 55, 56, 57, 58, 59, 60, 61, 62, 63, 64, 65, 66, 67, 68, 69, 70, 71, 72, 73, 74, 75, 76, 77, 78, 79, 80, 81, 82, 83, 84, 85, 86, 87, 88, 89, 90, 91, 92, 93, 94, 95, 96, 97, 98, 99, 100, 101, 102, 103, 104, 105, 106, 107, 108, 109, 110, 111, 112, 113, 114, 115, 116, 117, 118, 119, 120, 121, 122, 123, 124, 125, 126, 127, 128, 129, 130, 131, 132, 133, 134, 135, 136, 137, 138, 139, 140, 141, 142, 143, 144, 145, 146, 147, 148, 149, 150, 151, 152, 153, 154, 155, 156, 157, 158, 159, 160, 161, 162, 163, 164, 165, 166, 167, 168, 169, 170, 171, 172, 173, 174, 175, 176, 177, 178, 179, 180, 181, 182, 183, 184, 185, 186, 187, 188, 189, 190, 191, 192, 193, 194, 195, 196, 197, 198, 199, 200, 201, 202, 203, 204, 205, 206, 207, 208, 209, 210, 211, 212, 213, 214, 215, 216, 217, 218, 219, 220, 221, 222, 223, 224, 225, 226, 227, 228, 229, 230, 231, 244, 245, 246, 247, 248, 249, 250, 251, 252, 253, 254, 255, 256, 257, 258, 259, 260, 261, 263, 264, 265, 266, 267, 268, 269, 270, 271, 272, 273, 274, 275, 276, 277, 278, 279, 280, 281, 282, 283, 284, 285, 286, 287, 288, 289, 290, 291, 292, 293, 294, 295, 296, 297, 298, 299, 300, 301, 302, 303, 304, 305, 306, 307, 308, 309, 310, 311, 312, 313, 314, 315, 316, 317, 318, 319, 320, 321, 322, 323, 324, 325, 326, 327, 328, 329, 330, 331, 332, 333, 334, 335, 336, 337, 338, 339, 340, 341, 342, 343, 344, 345, 346, 347, 348, 349, 350, 351, 352, 353, 354, 355, 356, 357, 358, 359, 360, 361, 362, 363, 364, 365, 366, 367, 368, 369, 370, 371, 372, 373, 374, 375, 376, 377, 378, 379, 380, 381, 382, 383, 384, 385, 386, 387, 388, 389, 390, 391, 392, 393, 394, 395, 396, 397, 398, 399, 400, 401, 402, 403, 404, 405, 406, 407, 408, 409, 410, 411, 412, 413, 414, 415, 416, 417, 418, 419, 420, 421, 422, 423, 424, 425, 426, 427, 428, 429, 430, 431, 432, 433, 434, 435, 436, 437, 438, 439, 440, 441, 442, 444, 445, 446, 447, 448, 449, 450, 451, 452, 453, 454, 455, 456, 457, 458, 459, 460, 461, 462, 463, 464, 465, 466, 476, 477, 478, 479, 480, 481, 489, 490, 494, 495, 496, 509, 513, 514, 515, 516, 517, 518, 519, 520, 521, 522, 523, 524, 525, 526, 527, 529, 530, 531, 532, 533, 534, 535, 536, 537, 538, 539, 540, 541, 542, 543, 544, 545, 546, 547, 548, 549, 550, 551, 552, 553, 554, 555, 556, 557, 558, 559, 560, 564, 582, 583, 584, 586, 587, 588, 589, 590, 591, 592, 593, 594, 595, 596, 597, 598, 599, 600, 601, 602, 603, 604, 605, 606, 607, 608, 609, 610, 611, 612, 613, 614, 615, 616, 617, 618, 619, 620, 621, 622, 623, 624, 625, 626, 627, 628, 629, 630, 631, 632, 633, 634, 635, 636, 637, 638, 639, 640, 641, 642, 643, 644, 645, 646, 647, 648, 649, 650, 651, 652, 653, 654, 655, 656, 657, 658, 659, 660, 661, 662, 663, 664, 665, 666, 667, 668, 669, 670, 671, 672, 673, 674, 675, 676, 677, 678, 679, 680, 681, 682, 683, 684, 685, 686, 687, 688, 689, 690, 691, 692, 693, 694, 695, 696, 697, 698, 699, 700, 701, 702, 703, 704, 705, 706, 709, 710, 711, 712, 713, 714, 715, 717, 718, 719, 733, 734, 735, 736, 737, 738, 739, 742, 743, 762, 763, 764, 765, 766, 767, 770, 771, 772, 773, 775, 776, 777, 778, 784, 785, 786, 787, 788, 789, 790, 791, 792, 793, 794, 795, 796, 797, 798, 799, 800, 801, 802, 803, 804, 805, 806, 807, 808, 809, 810, 811, 812, 813, 814, 815, 817, 818, 819, 821, 822, 824, 825, 826, 827, 831, 832, 833, 834, 835, 836, 837, 838, 839, 840, 841, 842, 846]
-1 class :180
[42, 43, 44, 45, 232, 233, 234, 235, 236, 237, 238, 239, 240, 241, 242, 243, 262, 443, 467, 468, 469, 470, 471, 472, 473, 474, 475, 482, 483, 484, 485, 486, 487, 488, 491, 492, 493, 497, 498, 499, 500, 501, 502, 503, 504, 505, 506, 507, 508, 510, 511, 512, 528, 561, 562, 563, 565, 566, 567, 568, 569, 570, 571, 572, 573, 574, 575, 576, 577, 578, 579, 580, 581, 585, 707, 708, 716, 720, 721, 722, 723, 724, 725, 726, 727, 728, 729, 730, 731, 732, 740, 741, 744, 745, 746, 747, 748, 749, 750, 751, 752, 753, 754, 755, 756, 757, 758, 759, 760, 761, 768, 769, 774, 779, 780, 781, 782, 783, 816, 820, 823, 828, 829, 830, 843, 844, 845, 847, 848, 849, 850, 851, 852, 853, 854, 855, 856, 857, 858, 859, 860, 861, 862, 863, 864, 865, 866, 867, 868, 869, 870, 871, 872, 873, 874, 875, 876, 877, 878, 879, 880, 881, 882, 883, 884, 885, 886, 887, 888, 889, 890, 891, 892, 893, 894, 895, 896, 897, 898, 899]

score : [ 2.76655238e+02  1.26554410e+03  1.60799722e+03  1.63372372e+03
  1.64443346e+03  1.63738878e+03  1.65448452e+03  1.64309063e+03
  1.61538048e+03  1.62728521e+03  1.62088207e+03  1.61242877e+03
  1.49565216e+03  1.60725473e+03  1.57155201e+03  1.54768129e+03
  1.54025459e+03  1.58157843e+03  1.60046348e+03  1.58842166e+03
  1.60132749e+03  1.63564399e+03  1.63757681e+03  1.17973412e+03
  1.66318245e+03  1.58025206e+03  1.64960509e+03  1.66707515e+03
  1.65897147e+03  1.66522613e+03  1.64562556e+03  1.67456389e+03
  1.67486034e+03  1.69635402e+03  1.18914516e+03  1.69438909e+03
  1.67854308e+03  1.67899170e+03  1.60263434e+03  1.61112508e+03
  1.63250145e+03  1.60325235e+03  1.62012228e+03  1.64015867e+03
  1.66505065e+03  1.50907884e+03  1.67235140e+03  1.68131505e+03
  1.65954519e+03  1.60203467e+03  1.62915722e+03  1.66564352e+03
  1.67318762e+03  1.65565634e+03  1.66757962e+03  1.63474799e+03
  1.51038977e+03  1.67688896e+03  1.67005169e+03  1.67335191e+03
  1.68391257e+03  1.63747839e+03  1.64456966e+03  1.65943887e+03
  1.67407398e+03  1.66661369e+03  1.67845930e+03  1.63308149e+03
  1.63408547e+03  1.67442680e+03  1.69326126e+03  1.68747996e+03
  1.65864971e+03  1.66310734e+03  1.66892056e+03  1.67430390e+03
  1.68208798e+03  1.69112618e+03  1.63816245e+03  1.68531281e+03
  1.69578350e+03  1.70575251e+03  1.69899756e+03  1.69987596e+03
  1.68803091e+03  1.69842355e+03  1.68627865e+03  1.66676381e+03
  1.68685907e+03  1.59676335e+03  1.68742037e+03  1.64889106e+03
  1.65123120e+03  1.66511401e+03  1.62726066e+03  1.62441053e+03
  1.62359821e+03  1.64104555e+03  1.62544571e+03  1.68894816e+03
  6.96520819e+02  1.63992777e+03  1.62605659e+03  1.63144479e+03
  1.65457379e+03  1.61480806e+03  1.60665485e+03  1.56707574e+03
  1.57968956e+03  1.05818238e+03  9.61284629e+02  5.40998627e+02
  9.55933137e+02  9.87370844e+02  8.38789359e+02  7.78564368e+02
  3.71669082e+02  7.69118849e+02  8.96450484e+02  8.79140534e+02
  9.42578966e+02  1.47049915e+03  1.10933827e+03  1.50502438e+03
  1.54978551e+03  1.49314427e+03  1.28065316e+03  1.13452808e+03
  1.02082243e+03  1.12446792e+03  1.58023819e+03  1.64091373e+03
  1.64576738e+03  1.64494548e+03  1.10473563e+03  1.64311571e+03
  1.59200580e+03  1.54900614e+03  5.35348205e+02  3.76964148e+02
  6.23104688e+02  4.41929382e+02  5.57180683e+02  8.29265077e+02
  6.44573766e+02  1.54444351e+03  1.08793683e+03  1.35136291e+03
 -1.52020663e+04 -1.21846978e+04 -6.50572427e+03 -3.16799845e+03
 -3.19212135e+03 -4.22063609e+03 -4.38998782e+04 -1.41052298e+04
  1.49906807e+03 -2.02330747e+04 -7.25968286e+04 -3.27023835e+04
 -2.19321950e+03  2.75360624e+02  1.13981701e+03  9.80303383e+02
  1.21107993e+03  1.56752474e+03  1.57087632e+03  1.56244427e+03
  1.59356096e+03  1.61982330e+03  1.61411865e+03  1.64656766e+03
  1.65187787e+03  1.65562180e+03  1.65944443e+03  1.66823287e+03
  1.66714117e+03  1.64600839e+03  1.52309836e+03  1.64113118e+03
  4.80555108e+02 -9.75370440e+01  2.94950969e+02  3.85356855e+02
  7.91497419e+02  9.60937512e+02  1.49095354e+03  1.54333568e+03
  1.56918623e+03  1.60236819e+03  1.69508671e+03  1.69827439e+03
  1.69082635e+03  1.68598514e+03  1.67930595e+03  1.64705937e+03
  1.67227871e+03  1.67867444e+03  1.65194755e+03  1.66197489e+03
  1.55611139e+03  1.66836506e+03  1.67535582e+03  1.67269977e+03
  1.70050326e+03  1.69649204e+03  1.67912554e+03  1.65101991e+03
  1.64592878e+03  1.63400351e+03  1.57162704e+03  1.24771043e+03
  1.58830800e+03  1.29770934e+03  1.58486393e+03  1.59877858e+03
  1.64688863e+03  1.62622982e+03  1.57847230e+03  1.53810841e+03
  1.43665641e+03  1.53286659e+03  1.02936614e+03  1.20184561e+03
  1.53162016e+03  1.54790822e+03  1.55859363e+03  1.56785593e+03
  1.58587519e+03  1.60535784e+03  1.55069774e+03  1.54132339e+03
  1.57160342e+03  1.58893251e+03  8.09448914e+02  1.55244155e+03
  1.59386602e+03  1.64858379e+03  1.65301012e+03  1.67375859e+03
  1.65024838e+03  1.67273308e+03  1.65539961e+03  1.62791268e+03
  1.64986485e+03  8.20120565e+02  1.63904774e+03  1.55978907e+03
  1.63912240e+03  1.67707184e+03  1.64397587e+03  1.63087587e+03
  1.63641379e+03  1.62317937e+03  1.60392249e+03  1.59410580e+03
  1.62600157e+02  1.61101753e+03  1.64942976e+03  1.66255518e+03
  1.64534825e+03  1.64134571e+03  1.66022850e+03  1.66351302e+03
  1.64611880e+03  1.62408864e+03  1.64549732e+03  1.72923633e+00
  1.63075176e+03  1.60270523e+03  1.42255527e+03  1.59142851e+03
  1.55946755e+03  1.54149052e+03  1.58069796e+03  1.60029908e+03
  1.59073696e+03  1.58131687e+03  6.15995156e+02  1.58873286e+03
  1.59198549e+03  1.56247712e+03  1.59216149e+03  1.53801239e+03
  1.25674841e+03  1.08078315e+03  1.13511074e+03  9.82222616e+02
  9.59303590e+02  7.24329906e+02  7.57139310e+02  3.77894152e+01
  8.62524891e+02  7.96144439e+02  1.07680840e+03  1.52058353e+03
  1.29625572e+03  7.76568992e+02  3.16670561e+02  6.70686056e+02
  9.87129488e+02  5.50079263e+02  6.81297408e+02  6.69935147e+02
  1.23787588e+03  1.52139897e+03  1.52380887e+03  1.52690577e+03
  1.48859107e+03  1.05662058e+03  1.15255016e+03  8.71236799e+02
  1.07056370e+03  9.82641778e+02  1.26307020e+03  1.56635206e+03
  1.63457811e+03  1.64821914e+03  1.61619736e+03  1.61289767e+03
  1.62482171e+03  1.62000400e+03  5.80198206e+02  1.63332497e+03
  1.65368523e+03  1.67851416e+03  1.66655474e+03  1.63554709e+03
  1.66921832e+03  1.69426041e+03  1.68908101e+03  1.67946244e+03
  1.67564103e+03  1.09669755e+03  8.06986998e+02  1.68801870e+03
  1.68272278e+03  1.66617626e+03  1.69347829e+03  1.69280946e+03
  1.70073287e+03  1.70203087e+03  1.70461900e+03  1.68602484e+03
  1.70278385e+03  2.02922130e+02  1.70249801e+03  1.69673561e+03
  1.70711919e+03  1.70000723e+03  1.67089233e+03  1.68719465e+03
  1.69615736e+03  1.66788992e+03  1.68225153e+03  1.68464180e+03
 -9.38393606e+01  1.69658434e+03  1.68390048e+03  1.68999353e+03
  1.69511272e+03  1.69913508e+03  1.68910480e+03  1.69570853e+03
  1.70511271e+03  1.68954043e+03  1.69712851e+03 -1.34243829e+00
  1.69796513e+03  1.70407611e+03  1.69042451e+03  1.69433983e+03
  1.69240305e+03  1.70685569e+03  1.68081391e+03  1.66943776e+03
  1.67119949e+03  1.68589887e+03 -5.08577569e+01  1.68786249e+03
  1.68919191e+03  1.50060963e+03 -2.55053814e+05  1.53233783e+03
  1.60905878e+03  1.59849944e+03  1.56421466e+03  1.67476950e+03
  1.65644328e+03 -5.71621804e+01  1.68041029e+03  1.61319732e+03
  1.65948670e+03  1.67065816e+03  1.64473085e+03  1.67486266e+03
  1.63579247e+03  1.63329473e+03  1.64414584e+03  1.64969305e+03
  4.09148686e+02  1.63743582e+03  1.63923407e+03  1.64462308e+03
  1.65211660e+03  1.63450802e+03  1.58006730e+03  1.61168345e+03
 -2.30697599e+05 -5.27776447e-01 -1.00082275e+03  4.50937650e+02
 -1.02582112e+03 -9.32778636e+02 -9.17996607e+02 -9.51303272e+02
 -8.73839193e+02 -6.93951876e+02  2.14156288e+02  5.58656323e+02
  3.75278930e+02  4.97105506e+02  1.35834529e+02  1.48644140e+03
  1.08194391e+03 -3.64581565e+03 -2.50389535e+04 -3.32816255e+04
 -1.15947602e+03 -2.05794665e+05 -1.99057552e+05 -2.03105133e+05
  1.76431558e+02  4.68790124e+02  6.23494503e+02 -4.60301771e+02
 -1.82075841e+05 -2.17188953e+05  8.59271370e+02  5.80384513e+02
  6.11126016e+02 -2.05426924e+03 -4.90541490e+03 -1.45496523e+04
  7.80682066e+02  5.87973247e+01 -4.17025718e+04 -2.30460593e+04
 -7.91426310e+02 -2.28705330e+05 -8.42139455e+02 -1.10573161e+03
 -2.11165473e+05 -1.15044378e+05 -1.12250595e+05  1.03918723e+03
  7.19439387e+02 -7.36289890e+04 -7.13039523e+04 -6.21851808e+04
  1.06679500e+02  6.52146730e+02  1.03408343e+03  9.42994374e+02
  1.49772417e+03  1.16841388e+03  1.53575739e+03  8.80379172e+02
  1.49703194e+03  1.60596739e+03  1.63605201e+03  1.59350921e+03
  1.35478439e+03  1.32428288e+03  1.53727029e+03  1.52114775e+03
 -3.09152542e+02  1.61609426e+03  9.40352422e+02  1.62581595e+03
  1.56462982e+03  1.53363706e+03  1.62466394e+03  1.64067240e+03
  1.64529002e+03  1.58485242e+03  1.53829293e+03  1.54966910e+03
  1.24010314e+03  1.57791143e+03  1.59734670e+03  1.00651237e+03
  1.35495927e+03  1.33877023e+03  1.56311750e+03  1.59321314e+03
  1.62204180e+03  1.67204012e+03  1.57087428e+03  1.58876755e+03
  1.55045869e+03  1.59639054e+03  1.60122412e+03  1.57785518e+03
  1.63016949e+03  1.53905723e+03  1.02293943e+03  1.14138818e+03
  1.08140370e+03  9.67126157e+02  4.58418822e+02  1.53665957e+03
  3.96168932e+02 -1.92607942e+01 -7.10775895e+02 -2.14204825e+03
  6.23802669e+02 -7.35483818e+03 -2.40549302e+03 -7.44396948e+03
 -7.57302108e+04 -4.14958108e+04  1.58278836e+03 -9.39801645e+04
 -1.31692049e+05 -1.17646915e+05 -2.55723899e+04 -2.70450358e+04
 -1.57659865e+04 -9.94709812e+03 -8.62577195e+03 -4.66793279e+03
 -3.52393863e+03  1.58643948e+03 -1.14341162e+02 -6.60201511e+01
  5.61140805e+02  7.95225796e+02  7.09309456e+02 -1.52823272e+03
  3.76666198e+02  1.51187216e+03  1.59398135e+03  1.55494665e+03
  1.62401903e+03  1.64733589e+03  1.60201433e+03  1.61701027e+03
  1.63739927e+03  1.59419850e+03  1.59754855e+03  1.61441785e+03
  1.61476135e+03  1.57393910e+03  1.58840057e+03  1.15895215e+03
  1.63361757e+03  1.57924905e+03  1.56499003e+03  1.60347580e+03
  1.57718068e+03  1.58409563e+03  1.28695407e+03  5.02480513e+02
  4.64913588e+02  1.00559688e+03  8.25789010e+02  1.63774099e+03
  7.60900695e+02  7.38384153e+02  5.10918953e+02  1.12261835e+03
  1.54953458e+03  1.33678581e+03  1.61613233e+03  1.64490629e+03
  1.36879186e+03  1.55274051e+03  1.64981429e+03  1.24228889e+03
  1.25318028e+03  1.52248636e+03  1.63739644e+03  1.63394404e+03
  1.51230029e+03  1.56331946e+03  1.23939424e+03  1.26797860e+03
  1.62323961e+03  1.65182658e+03  1.56863730e+03  1.57012258e+03
  1.62542950e+03  1.66504769e+03  1.58666753e+03  1.57648841e+03
  1.65175782e+03  1.64815820e+03  1.64760297e+03  1.64554902e+03
  1.63451232e+03  1.63686354e+03  1.66009307e+03  1.62612466e+03
  1.64073116e+03  1.63694775e+03  1.65878112e+03  1.66622861e+03
  1.63891476e+03  1.55001301e+03  1.57622424e+03  1.63982960e+03
  1.61991170e+03  1.64517749e+03  1.61657672e+03  1.63719237e+03
  1.64125919e+03  1.62024004e+03  1.64671924e+03  1.67337238e+03
  1.61857085e+03  1.64975077e+03  1.61473220e+03  1.66550903e+03
  1.65595570e+03  1.67369091e+03  1.68402067e+03  1.69372210e+03
  1.68301807e+03  1.62770699e+03  1.58391125e+03  1.61502479e+03
  1.64220979e+03  1.62475977e+03  1.64231701e+03  1.65253781e+03
  1.64738185e+03  1.63116575e+03  1.67043113e+03  1.66609293e+03
  1.66514620e+03  1.67435407e+03  1.68401823e+03  1.66181719e+03
  1.61922994e+03  1.64923167e+03  1.63413451e+03  1.68485745e+03
  1.67160055e+03  1.68172031e+03  1.68878383e+03  1.69269623e+03
  1.66407105e+03  1.64500587e+03  1.59645750e+03  1.63577488e+03
  1.61887923e+03  1.60627720e+03  1.57769642e+03  1.62639564e+03
  1.38006195e+03  6.53602417e+02  3.65033085e+02  3.29018732e+02
  4.90495293e+02  1.17890751e+03  1.29883119e+03  1.60925587e+03
  1.63399133e+03  1.62103393e+03  1.65828999e+03  1.66972568e+03
  1.65897181e+03  1.57183903e+03  4.99907743e+02 -3.90704974e+05
 -4.23435185e+05  5.15407964e+02  1.64295764e+03  4.97794087e+02
  3.79399912e+02  2.79801319e+02  1.46889352e+03  1.48515484e+03
  1.48539380e+03 -2.88697405e+03  1.19486858e+03  1.15911561e+03
  7.16841584e+02  1.64973257e+03 -1.25773215e+03 -3.46090699e+02
 -2.39459928e+03 -3.57495472e+03 -7.72044953e+03 -1.87355973e+05
 -2.36244167e+05 -1.36025194e+05 -3.88761453e+03 -3.44593291e+02
  1.65042004e+03 -5.82186646e+04 -4.18239540e+04 -3.88898461e+05
  3.51850965e-01  7.76728669e+02  9.43100350e+02  5.97671993e+02
  9.45857024e+02  4.96166464e+02  5.63328092e+02  1.62390173e+03
 -3.41638247e+02 -2.29078128e+03  1.17738713e+02  7.10344357e+01
 -1.28408996e+03 -1.42993627e+03 -4.46482291e+05 -4.93599670e+05
 -5.51032879e+05 -5.44668196e+05  1.55211709e+03 -5.02895488e+05
 -4.77880201e+05 -2.97697420e+05 -3.71765640e+03 -6.23264159e+03
 -4.23311800e+05 -2.50538651e+03 -5.95327631e+03 -3.88736154e+03
 -1.27307965e+03  1.54536064e+03 -1.58849578e+03 -4.37544105e+02
  2.64783679e+02  4.31087300e+02  4.80508258e+02  8.39942028e+02
  3.08508460e+02  3.82720280e+02 -5.97339069e+01 -9.92985932e+01
  1.53608946e+03  7.86042517e+02  5.70980287e+02  5.11424319e+02
  5.54706688e+02 -4.80209270e+05  1.56072590e+03  1.52485876e+03
  1.49369530e+03  1.48788623e+03 -1.59588447e+05  1.54239134e+03
 -3.65757037e+03 -7.66451127e+03 -7.89694679e+03 -1.38032134e+04
  7.93911495e+02  1.50456888e+03  1.55210898e+03  1.59036306e+03
  1.57163514e+03  1.57322229e+03  1.60043725e+03  1.22044095e+03
  8.87156724e+02  1.51266110e+03  1.58644622e+03  7.60684844e+02
  1.28578155e+03  1.47312944e+03  1.12210973e+03  9.73598167e+02
  5.61859058e+02  1.14254976e+03  1.63202719e+03  3.41913381e+02
  2.38322535e+02  6.73353081e+02  1.55158626e+03  1.31645517e+03
  9.63072734e+02  1.21198652e+03  1.61016258e+03  1.49404540e+03
  1.52358014e+03  1.63209663e+03  1.49975963e+03  1.09841305e+03
  1.48297184e+03  1.56379705e+03  1.69815268e+02  1.27721690e+03
 -1.47160596e+02  6.83322342e+02  1.62200153e+03  1.54174115e+03
  1.60634405e+03 -1.95641862e+02  6.65945197e+01  2.98199887e+02
 -3.58320671e+01  5.97511462e+02  1.30878933e+03  2.49907283e+02
  7.45297789e+02 -3.77798531e+02 -4.85540645e+02  1.63014646e+03
 -5.25544352e+02  1.19736071e+03  1.52641848e+03  1.49790060e+03
  1.12674215e+03  9.08759767e+02  9.38693652e+02  8.23914816e+02
  1.61083696e+02  8.95358734e+02  1.60652074e+03  1.29714393e+03
  7.53153776e+02  5.04891710e+02 -3.60143496e+05 -3.78033915e+05
 -3.84122116e+05  7.78230648e+02 -4.11313937e+05 -3.59046144e+05
 -3.47394037e+05  1.61265868e+03 -3.57359744e+05 -3.96946053e+05
 -4.07548560e+05 -4.42091161e+05 -4.58057558e+05 -4.68274563e+05
 -4.70865953e+05 -4.87128849e+05 -5.02728199e+05 -5.13575588e+05
  1.60637871e+03 -5.28744364e+05 -5.51145908e+05 -5.67458870e+05
 -5.27315466e+05 -5.55692688e+05 -5.46762666e+05 -5.58296284e+05
 -7.97806499e+05 -7.68230539e+05 -8.37521367e+05  1.62856859e+03
 -8.37009280e+05 -8.47094433e+05 -8.67377157e+05 -8.64414406e+05
 -8.68433356e+05 -8.52776178e+05 -8.11739470e+05 -8.02243537e+05
 -7.81078504e+05 -7.68216943e+05  1.62540921e+03 -7.73410997e+05
 -7.92059701e+05 -8.09972730e+05 -8.14470576e+05 -8.06489033e+05
 -8.05269569e+05 -8.18194192e+05 -8.09050985e+05 -7.76174167e+05
 -7.80326441e+05  1.56286456e+03 -7.86119908e+05 -8.02540637e+05
 -7.59032136e+05 -7.87162844e+05 -7.47090169e+05 -7.76623292e+05
 -7.84569469e+05 -8.36026989e+05 -8.50888235e+05 -8.00235755e+05
  1.26741658e+03  1.57467317e+03  1.57155691e+03  1.57345194e+03
  1.57683717e+03  1.59719982e+03  1.62312233e+03  1.64067812e+03
  1.65502775e+03  1.55995483e+03  1.60153403e+03]
