param settings:EllipticEnvelope(assume_centered=False, contamination=0.2, random_state=None,
         store_precision=True, support_fraction=0.7)
cluster_thresh:
feature select:['lbp']
precision: {'precision_b1': 0.6333, 'precision': 0.8887, 'acc': 0.8376, 'recall_b1': 0.5876, 'recall': 0.9064, 'false_alert_b1': 0.3667, 'miss_alert_b1': 0.4124, 'false_alert': 0.11129999999999995, 'miss_alert': 0.09360000000000002, 'intersect_1': 639, 'intersect_b1': 114}
all_predict:
sum:899
1 class :719
[1, 2, 3, 4, 6, 7, 8, 9, 10, 11, 12, 13, 14, 15, 16, 17, 18, 19, 20, 21, 22, 23, 24, 25, 26, 27, 28, 29, 30, 31, 32, 33, 34, 35, 36, 37, 38, 39, 40, 41, 42, 43, 44, 45, 46, 47, 48, 50, 51, 52, 53, 54, 55, 56, 57, 58, 59, 60, 61, 62, 63, 64, 65, 66, 67, 68, 69, 70, 71, 72, 73, 74, 75, 76, 77, 78, 79, 80, 81, 82, 83, 84, 85, 86, 87, 88, 89, 90, 91, 92, 93, 94, 95, 96, 97, 98, 99, 100, 101, 102, 103, 104, 105, 106, 107, 108, 109, 110, 111, 112, 113, 114, 115, 116, 117, 118, 119, 120, 121, 122, 123, 124, 125, 126, 127, 128, 129, 130, 131, 132, 133, 134, 135, 136, 137, 138, 139, 140, 141, 142, 143, 144, 145, 146, 147, 148, 149, 150, 151, 152, 153, 154, 155, 156, 157, 158, 159, 160, 161, 162, 163, 164, 165, 166, 167, 168, 169, 170, 171, 172, 173, 174, 175, 176, 177, 178, 179, 180, 181, 182, 183, 184, 185, 186, 187, 188, 189, 190, 191, 192, 193, 194, 195, 196, 197, 198, 199, 200, 201, 202, 203, 204, 205, 206, 207, 208, 209, 210, 211, 212, 213, 230, 231, 232, 233, 234, 238, 239, 240, 241, 242, 243, 244, 245, 246, 248, 249, 262, 263, 264, 265, 266, 267, 268, 269, 270, 271, 272, 273, 274, 275, 276, 277, 278, 279, 280, 281, 282, 283, 284, 285, 286, 287, 288, 289, 290, 291, 292, 293, 294, 295, 296, 297, 298, 299, 300, 301, 302, 303, 304, 305, 306, 307, 308, 309, 310, 311, 312, 313, 314, 315, 316, 317, 318, 319, 320, 321, 322, 323, 324, 325, 326, 327, 328, 329, 330, 331, 332, 333, 334, 335, 336, 337, 338, 339, 340, 341, 342, 343, 344, 345, 346, 347, 348, 349, 350, 351, 352, 353, 354, 355, 356, 357, 358, 359, 360, 361, 362, 363, 364, 365, 366, 367, 368, 369, 370, 371, 372, 373, 374, 375, 376, 377, 378, 379, 380, 381, 382, 383, 384, 385, 386, 387, 388, 389, 390, 391, 392, 393, 394, 395, 396, 397, 398, 399, 400, 401, 402, 403, 404, 405, 406, 407, 408, 409, 410, 411, 412, 413, 414, 415, 416, 417, 418, 419, 420, 421, 422, 423, 424, 425, 426, 427, 428, 429, 430, 431, 432, 433, 434, 435, 436, 437, 438, 439, 440, 441, 442, 443, 444, 445, 446, 447, 448, 449, 450, 451, 452, 453, 454, 455, 456, 457, 458, 459, 460, 461, 462, 463, 464, 465, 466, 468, 470, 476, 477, 478, 479, 480, 481, 482, 483, 484, 485, 487, 488, 489, 490, 491, 492, 493, 494, 495, 496, 497, 498, 499, 502, 503, 504, 505, 506, 507, 508, 509, 510, 511, 512, 513, 514, 515, 516, 517, 518, 519, 520, 521, 522, 523, 524, 525, 526, 527, 528, 529, 530, 531, 532, 533, 534, 535, 536, 537, 538, 539, 540, 541, 542, 543, 544, 545, 546, 547, 548, 549, 550, 551, 552, 553, 554, 555, 556, 557, 558, 559, 560, 561, 562, 563, 564, 565, 566, 567, 568, 569, 570, 571, 572, 573, 574, 575, 576, 577, 578, 579, 580, 581, 582, 583, 584, 585, 586, 587, 588, 589, 590, 591, 592, 593, 594, 595, 596, 597, 598, 599, 600, 601, 602, 603, 604, 605, 606, 607, 608, 609, 610, 611, 612, 613, 614, 615, 616, 617, 618, 619, 620, 621, 622, 623, 624, 625, 626, 627, 628, 629, 630, 631, 632, 633, 634, 635, 636, 637, 638, 639, 640, 641, 642, 643, 644, 645, 646, 647, 648, 649, 650, 651, 652, 653, 654, 655, 656, 657, 658, 659, 660, 661, 662, 663, 664, 665, 666, 667, 668, 669, 670, 671, 672, 673, 674, 675, 676, 677, 678, 679, 680, 681, 682, 683, 684, 685, 686, 687, 688, 689, 690, 691, 692, 693, 694, 695, 696, 697, 698, 699, 700, 701, 702, 703, 704, 705, 706, 707, 708, 709, 710, 711, 712, 713, 714, 715, 716, 717, 718, 719, 720, 727, 728, 729, 732, 733, 734, 735, 736, 737, 738, 739, 742, 743, 744, 747, 794, 795, 797, 798, 803, 804, 807, 808, 809, 810, 812, 813, 815, 818, 819, 825, 832, 833, 834, 840, 841, 844, 846, 847, 848, 850, 852, 863]
-1 class :180
[5, 49, 214, 215, 216, 217, 218, 219, 220, 221, 222, 223, 224, 225, 226, 227, 228, 229, 235, 236, 237, 247, 250, 251, 252, 253, 254, 255, 256, 257, 258, 259, 260, 261, 467, 469, 471, 472, 473, 474, 475, 486, 500, 501, 721, 722, 723, 724, 725, 726, 730, 731, 740, 741, 745, 746, 748, 749, 750, 751, 752, 753, 754, 755, 756, 757, 758, 759, 760, 761, 762, 763, 764, 765, 766, 767, 768, 769, 770, 771, 772, 773, 774, 775, 776, 777, 778, 779, 780, 781, 782, 783, 784, 785, 786, 787, 788, 789, 790, 791, 792, 793, 796, 799, 800, 801, 802, 805, 806, 811, 814, 816, 817, 820, 821, 822, 823, 824, 826, 827, 828, 829, 830, 831, 835, 836, 837, 838, 839, 842, 843, 845, 849, 851, 853, 854, 855, 856, 857, 858, 859, 860, 861, 862, 864, 865, 866, 867, 868, 869, 870, 871, 872, 873, 874, 875, 876, 877, 878, 879, 880, 881, 882, 883, 884, 885, 886, 887, 888, 889, 890, 891, 892, 893, 894, 895, 896, 897, 898, 899]

score : [ 1.60491240e+01  5.42630994e+01  5.28628386e+01  6.44259404e+01
  5.62819339e+01  4.97447663e+01  5.52703074e+01  5.04791237e+01
  7.67462144e+01  5.20002520e+01  6.26951789e+01  7.42788267e+01
  5.67326518e+01  7.14149119e+01  5.94275477e+01  6.78627217e+01
  7.31773435e+01  6.79903888e+01  6.10331274e+01  6.89124240e+01
  7.30947855e+01  7.05162911e+01  7.20411333e+01  5.93313227e+01
  6.80951514e+01  6.96654535e+01  6.76236681e+01  6.73354799e+01
  6.45450829e+01  7.10932122e+01  7.13754612e+01  7.55028659e+01
  5.75154146e+01  6.13368374e+01  4.76840141e+01  7.41968222e+01
  7.54867734e+01  6.78302405e+01  6.54604838e+01  6.94163063e+01
  6.64154223e+01  6.83237525e+01  7.73876783e+01  7.37201125e+01
  6.75374140e+01  7.24874729e+01  7.33013375e+01  7.30306606e+01
  7.41527613e+01  5.68276797e+01  7.12919526e+01  7.08634876e+01
  7.73686397e+01  6.87119134e+01  6.04984177e+01  6.72146371e+01
  3.44328780e+01  7.58272609e+01  6.23488667e+01  6.98717585e+01
  6.70967795e+01  6.14579585e+01  7.38368398e+01  6.53647825e+01
  6.71086104e+01  7.61753260e+01  6.91895973e+01  6.61674960e+01
  7.25615043e+01  6.81995257e+01  7.41274762e+01  7.27162300e+01
  7.18010504e+01  7.33215909e+01  7.71888255e+01  6.79014179e+01
  7.76553660e+01  7.45728085e+01  6.91302092e+01  6.91879848e+01
  7.04235091e+01  7.04916017e+01  6.72126240e+01  7.04963103e+01
  6.99623450e+01  7.59873034e+01  7.86670611e+01  7.21389088e+01
  7.60907373e+01  6.16848787e+01  7.10219946e+01  7.60141105e+01
  5.52515403e+01  7.25806011e+01  7.72099171e+01  7.66626221e+01
  7.47627167e+01  7.57151033e+01  6.35354776e+01  7.27490133e+01
  5.64182764e+01  7.43786198e+01  5.80915790e+01  7.32768549e+01
  6.39221071e+01  5.56794894e+01  7.10756617e+01  6.56312275e+01
  7.10055608e+01  3.44816139e+01  3.02383532e+01  1.31309627e+01
  7.22993123e+01  5.06206627e+01  6.68496885e+01  6.16203953e+01
  7.57773282e+01  6.20226244e+01  6.01125559e+01  6.97671913e+01
  4.45262956e+01  7.13612824e+01  6.92262613e+01  6.87891980e+01
  6.37634922e+01  5.57018625e+01  4.00545275e+01  4.97096899e+01
 -6.12174555e+01 -6.97342611e+01 -1.27583956e+02 -1.55111294e+02
 -1.75084405e+02 -1.79419874e+02  6.71790186e+01 -1.90411796e+02
 -2.12206361e+02 -1.64024475e+02 -8.28107959e+01 -6.98355067e+01
 -1.35241606e+02 -1.02264036e+02 -9.65536989e+01 -1.03676235e+02
 -6.30406212e+01  6.71167199e+01  5.07873907e+01  4.90972475e+01
  1.33223291e+01  1.77854087e+01  4.35795833e+00 -2.43751706e+01
 -6.93194304e+01 -2.17617436e+01  5.42952352e+01  3.45854811e+01
  6.95834143e+01  2.99375670e+01  5.26884344e+01  4.26429838e+01
  4.84693593e+01  1.48051963e+01  2.62906961e+01  1.82201983e+01
 -1.36835714e-01  1.61549375e+01  2.95147927e+00  6.29466928e+01
 -2.13939914e+01 -1.02438993e+01 -1.49842829e+01 -2.09182148e+00
 -2.15458559e+01 -8.85681967e+01 -7.94726010e+01 -8.46207959e+01
 -1.02968838e+02 -6.06792731e+01  4.67921298e+01 -8.69587261e+01
 -2.82096607e+00  3.22360644e+01  6.64008345e+01  5.94109006e+01
  6.27800930e+01  5.75550678e+01  6.08617350e+01  6.31462151e+01
  7.37106354e+01  6.46865010e+01  7.34354051e+01  6.82298805e+01
  6.66393435e+01  6.36021188e+01  6.81768834e+01  6.83561548e+01
  6.52326235e+01  5.81217678e+01  5.80526932e+01  6.85394091e+01
  6.11502616e+01  6.05842695e+01  6.27081097e+01  6.22958950e+01
  7.70298292e+01  6.52976486e+01  7.01872643e+01  6.46169519e+01
  6.16024342e+01  5.36974042e+01  5.80716345e+01  4.30409834e+01
  6.09797910e+01  4.67064282e+01  4.98288214e+01  7.15822589e+01
  6.97956605e+01  7.66290406e+01  5.92314881e+01  4.61383359e+01
  3.29374158e+01  5.21922619e+01  1.84474513e+01  5.88123800e+01
  5.08520254e+01  5.81497303e+01  6.71263941e+01  4.15906387e+01
  5.10161785e+01  6.04710073e+01  6.64443937e+01  5.80209355e+01
  5.15871012e+01  3.28435952e+01  6.48153163e+01  4.88835622e+01
  6.19977891e+01  6.55430222e+01  6.21811355e+01  6.97665611e+01
  6.27119763e+01  7.77096578e+01  6.99909597e+01  6.21248289e+01
  6.94975390e+01  6.17192670e+01  7.68400115e+01  5.03869636e+01
  6.28424636e+01  7.41780717e+01  6.88142630e+01  6.22696058e+01
  6.05551276e+01  6.94413111e+01  7.05705903e+01  6.53440005e+01
  4.83859887e+01  7.07274050e+01  6.00679979e+01  6.47052014e+01
  6.67976214e+01  6.29967653e+01  6.45201145e+01  7.18086678e+01
  6.97937427e+01  6.50597077e+01  7.17491300e+01  7.22931388e+01
  6.84051319e+01  6.31798324e+01  6.87357746e+01  6.77543086e+01
  6.69527730e+01  7.03803707e+01  6.98876732e+01  7.34018511e+01
  6.95529013e+01  6.97685743e+01  6.82946734e+01  6.23879757e+01
  6.98535181e+01  7.19703258e+01  7.27878984e+01  6.41431541e+01
  6.79204923e+01  7.09858431e+01  5.99742401e+01  6.71296324e+01
  5.98851909e+01  7.17938510e+01  7.01614171e+01  6.21917285e+01
  7.31087706e+01  7.25299621e+01  5.00520616e+01  6.22702092e+01
  6.07512591e+01  6.64752816e+01  7.33558822e+01  4.15628861e+01
  6.90184467e+01  5.32533076e+01  4.62259711e+01  6.26317341e+01
  5.42785795e+01  4.84733399e+01  5.39655312e+01  5.66672312e+01
  6.52656612e+01  5.76513960e+01  4.37542581e+01  6.32592698e+01
  7.10833915e+01  5.85421776e+01  5.68880787e+01  6.50351440e+01
  7.63856677e+01  7.37449572e+01  6.70453042e+01  6.45382818e+01
  7.01060333e+01  6.98543386e+01  5.18815840e+01  6.79029198e+01
  7.28152693e+01  7.84064291e+01  7.70042778e+01  6.88067060e+01
  6.76957681e+01  7.90992826e+01  7.81616961e+01  6.60114297e+01
  7.51617618e+01  2.14459407e+01  5.64320492e+01  7.83024366e+01
  7.42828554e+01  7.13050640e+01  7.61925297e+01  7.79960550e+01
  7.63890679e+01  7.38400863e+01  7.83676883e+01  7.65135900e+01
  7.85428237e+01  4.81258087e+01  7.14763093e+01  6.69969319e+01
  6.71329320e+01  7.12536284e+01  7.10693543e+01  7.56802852e+01
  7.76467346e+01  7.45351640e+01  7.14036368e+01  7.84840193e+01
  4.28812568e+01  7.90979338e+01  7.66947668e+01  7.28835087e+01
  7.41006851e+01  7.53844394e+01  7.49246593e+01  7.47813892e+01
  7.11680827e+01  7.41986175e+01  7.57033824e+01  3.32392683e+01
  7.23566376e+01  7.75419193e+01  5.93991469e+01  7.14261458e+01
  7.14414421e+01  7.11772603e+01  7.32277080e+01  3.01055824e+01
  6.20142218e+01  6.94894627e+01  4.49138556e+01  6.96797727e+01
  6.99135006e+01  6.65721746e+01  7.01719678e+01  5.19195653e+01
  7.06235593e+01  7.05137725e+01  7.51592559e+01  8.04136841e+01
  6.62286573e+01  5.93252100e+01  7.54069886e+01  6.17988879e+01
  6.29353376e+01  5.49636805e+01  6.52297463e+01  7.27793452e+01
  5.40548336e+01  3.41873116e+01  2.81728235e+01  2.31133350e+01
  5.88044856e+01  2.54663917e+01  4.38865007e+01  4.97414980e+01
  3.42172560e+01  4.11717360e+01  3.24113936e+01  6.49057443e+01
 -6.74826599e-01  2.75165474e+01 -8.71843800e+00  5.96629480e+00
  1.41721399e+01 -4.91727432e+00 -3.22199906e+01 -5.81048529e+01
 -4.57263160e+01 -2.24306436e+01  2.41473176e+01  4.70148894e+00
  4.39597923e+01  5.44217587e+01  4.80006312e+01  5.87382639e+01
  6.66309334e+01  6.41553220e+01  6.19160479e+01  6.20636781e+01
  4.94808562e+01 -1.12282008e+01  2.53988219e+01  3.48725157e+01
  5.43738930e+01 -2.58818043e+00  5.46935834e+01  4.83575836e+01
  6.53632951e+00  2.22024801e+01  4.11423641e+01  6.14267078e+01
  5.93880036e+01  2.17047721e+01  4.77428851e+01  3.23777429e+01
 -9.24454417e+01  3.19375021e+01 -9.13040155e+00 -9.00657415e+00
  5.18703692e+01  6.00872398e+01  6.18628401e+01  5.25316826e+01
  5.37467655e+01  2.84706870e+01  4.46014303e+01  5.00910719e+01
  2.29486069e+01  4.35249309e+01  5.39745481e+01  6.76810487e+01
  4.44252289e+01  4.43091387e+01  4.75475166e+01  4.17836230e+01
  7.08814524e+01  6.47752790e+01  7.61834510e+01  5.56249287e+01
  5.86007554e+01  4.80191745e+01  7.06358341e+01  6.42431584e+01
  6.49845796e+01  7.00715590e+01  6.94085023e+01  5.99184022e+01
  5.30806219e+01  5.86015268e+01  4.79817725e+01  6.55544847e+01
  6.19194978e+01  6.38403543e+01  6.40130286e+01  6.42089390e+01
  7.38619487e+01  7.25652257e+01  7.26036456e+01  3.02698940e+01
  6.04519676e+01  6.16617062e+01  6.40404124e+01  5.11941357e+01
  6.19201235e+01  6.30891820e+01  4.88689082e+01  7.33065455e+01
  7.28850268e+01  7.57112044e+01  5.25335160e+01  7.09438980e+01
  6.44007304e+01  6.36302060e+01  6.50229621e+01  6.21199294e+01
  7.41367774e+01  6.05071376e+01  5.13601157e+01  6.36680615e+01
  5.64534465e+01  6.13234546e+01  6.29623742e+01  5.84275476e+01
  6.04976297e+01  6.53047814e+01  4.85222734e+01  6.10606432e+01
  5.52929252e+01  4.97761362e+01  7.09664559e+01  5.77273981e+01
  6.26676669e+01  5.68943264e+01  5.90538922e+01  6.51209107e+01
  6.66338513e+01  5.85093702e+01  4.16541718e+01  5.54772516e+01
  6.92927902e+01  5.80593839e+01  6.95808182e+01  6.49062221e+01
  6.25746413e+01  6.34126412e+01  6.58587866e+01  7.14111097e+01
  2.60508192e+01  6.13707378e+01  5.84166580e+01  5.03829378e+01
  6.34673436e+01  6.37799094e+01  7.32439872e+01  6.85240396e+01
  4.57808922e+01  6.98319180e+01  6.47382272e+01  6.06999242e+01
  7.68226747e+01  6.90749237e+01  6.40669093e+01  6.95968317e+01
  6.20725437e+01  6.97412167e+01  7.03849000e+01  2.46776806e+01
  5.67680050e+01  5.87044491e+01  7.03027338e+01  6.05096597e+01
  6.58249224e+01  6.79853496e+01  5.15726661e+01  4.60289423e+01
  1.76142404e+01  6.99271521e+01  6.31099303e+01  5.75292901e+01
  7.00836305e+01  5.09656426e+01  5.89283644e+01  5.88178004e+01
  6.76463172e+01  6.63354666e+01  6.90908985e+01  5.93681238e+01
  5.34665658e+01  6.03683618e+01  5.54215554e+01  6.63584706e+01
  6.87182560e+01  6.68295028e+01  6.86241369e+01  7.25930420e+01
  6.00488714e+01  7.34461059e+01  7.34500355e+01  7.62396254e+01
  6.55373704e+01  6.87455371e+01  6.89255472e+01  6.72495537e+01
  7.31135672e+01  7.24671227e+01  7.56801477e+01  6.55098483e+01
  6.69341302e+01  7.27839080e+01  6.54364867e+01  7.40433386e+01
  5.31791352e+01  7.23515830e+01  7.97703036e+01  7.39997542e+01
  7.77002114e+01  6.05741357e+01  6.91575253e+01  7.35803791e+01
  7.14629536e+01  7.05594041e+01  7.59659809e+01  6.15490761e+01
  7.12252298e+01  7.58243469e+01  6.50861399e+01  6.63511930e+01
  7.13443172e+01  6.97852398e+01  6.66039895e+01  7.60531028e+01
  6.66735504e+01  6.56343021e+01  7.00091253e+01  7.49188489e+01
  7.18427457e+01  6.90321624e+01  6.51054685e+01  6.76247139e+01
  6.79318452e+01  6.67433184e+01  6.82929835e+01  5.30964369e+01
  6.79921413e+01  6.10120678e+01  7.07845444e+01  7.34619425e+01
  7.16910934e+01  7.12688075e+01  6.59197304e+01  7.10312648e+01
  8.13233626e+01  6.68094208e+01  7.08923668e+01  6.78519295e+01
  6.89180919e+01  6.60849712e+01  6.72027927e+01  6.54574540e+01
  6.69301189e+01  6.08665674e+01  7.35594082e+01  6.91168093e+01
  6.27202484e+01  6.40536309e+01  5.89622238e+01  6.30031649e+01
  5.85069213e+01  6.75158203e+01  5.63390496e+01  6.84274902e+01
  6.85338084e+01  5.39140328e+01  2.74328235e+01  4.70821265e+01
  2.42082501e+01  5.54840391e+01  6.29993777e+01  6.57792694e+01
  5.49037212e+01  6.94362087e+01  6.73930346e+01  6.89628640e+01
  6.84871655e+01  1.57218321e+01  3.11648956e+01  4.31917448e+01
  7.04733719e+01  4.63668786e+01  5.57041320e+01  4.22515527e+01
  2.38607812e+01  4.53940292e+01  5.02115710e+01  4.72436898e+01
  6.76546264e+01  5.55785320e+01  6.11365897e+01  4.11334077e+01
  4.57669901e+01  5.39682831e+01  3.25932554e+01 -1.53671193e+01
 -3.46843313e+01 -6.81413285e+01 -1.28486826e+02 -9.91871901e+01
 -1.05504501e+02  2.36782272e+01  4.37428572e+00  3.22900990e+01
  5.20388803e+01 -3.01042303e+01 -5.99014261e+01  4.95333234e+01
  4.24690988e+01  6.00035903e+01  2.38743829e+01  7.95940587e+00
  2.70663586e+01  1.85200475e+01  2.24175100e+01  5.03700899e+01
 -3.91927899e+01 -1.55839771e+01  1.89347671e+01  2.51630980e+01
  2.34430784e+01 -4.16143370e+01 -1.01027483e+02  1.10872750e+01
 -7.70405266e+02 -1.71682325e+03  2.45470759e+01 -4.38269390e+03
 -1.42357546e+04 -3.56547627e+04 -3.77838600e+04 -1.72694504e+04
 -5.11513466e+04 -7.81369852e+04 -8.39396528e+04 -8.62563621e+04
 -7.20519219e+04  3.31605948e+01 -6.65566611e+04 -5.25803925e+04
 -2.75327238e+04 -3.15244566e+04 -2.39363940e+04 -3.02173459e+04
 -3.12505222e+04 -3.04538748e+04 -2.80729725e+04 -2.58611400e+04
  2.96326266e+01 -3.31316156e+04 -2.70768734e+04 -2.81742045e+04
 -3.20559709e+04 -2.90260256e+04 -3.70477711e+04 -4.82241129e+04
 -6.79721199e+04 -6.80026345e+04 -1.02251350e+04  3.36190729e+01
 -1.24853103e+04 -2.26526390e+04 -2.13574688e+04 -2.45803777e+04
 -2.09924424e+04 -1.29872885e+04 -9.70521792e+03 -4.74380615e+03
 -2.96270701e+03 -1.21763218e+03  4.30821113e+01 -7.99699814e+02
 -2.77233134e+02 -1.71693953e+02 -9.85806039e+00  4.93829888e+00
  7.95439195e+00 -1.27127440e+00  6.10741709e+01  4.64984586e+01
 -5.75325649e+01  7.25372125e+01  3.18278480e+01 -3.22450348e+01
 -5.09341879e+01 -1.04235861e+02  5.35489291e+00  2.85730342e+01
 -2.00828877e+01 -5.79268886e+01  5.72552357e+01  2.00832517e+01
  2.27921442e+00  2.24631034e+01  4.30945851e+00 -3.61560328e+01
  2.84042471e+01  4.47116364e+01 -9.30040315e+01  4.21005852e+01
 -3.73576288e+02 -1.13036834e+02  1.75266227e+01  4.98388430e+01
  4.74255008e+01 -2.95696118e+02 -1.97179688e+02 -1.18477513e+02
 -2.46965258e+02 -1.26489478e+02  2.11685016e+01 -3.19346884e+02
 -2.09060196e+02 -4.64362621e+02 -5.89560315e+02  4.29657258e+01
 -8.59627620e+02 -1.06587951e+01  3.24754276e+01  2.30803861e+01
  2.02760486e+01 -2.37116708e+01 -7.05445911e+01 -2.59569871e+01
 -1.39301123e+02 -6.03104820e+01  2.73151564e+01  2.01394614e+01
  2.16784863e+01 -1.29340838e+01 -3.64130960e+01  1.60863070e+01
 -6.04636262e+01  9.61575067e+00  2.79149745e+01  1.61383233e+01
 -1.07715612e+02  4.83600174e+01  2.17441110e+01 -9.10284039e+01
  3.81786440e+00 -4.91150474e+02 -5.97690429e+02 -1.15131767e+02
 -1.70157612e+02 -2.58685668e+02 -2.81509855e+02 -1.86716231e+02
  4.52746199e+01 -1.93202676e+02 -5.08209450e+00 -1.52506121e+02
  9.12238094e-02 -7.96279266e+01 -6.54311315e+01 -1.08940697e+02
 -1.57079805e+02 -6.88732810e+01 -2.12146865e+02  5.84206377e+01
 -2.35717172e+02 -4.91841411e+02 -6.12312872e+02 -9.96117151e+02
 -1.45067749e+03 -1.47447659e+03 -2.22527120e+03 -2.79588036e+03
 -3.30198888e+03 -7.39653814e+03  4.81749816e+01 -9.05192845e+03
 -1.65095008e+04 -3.85591763e+04 -4.78578996e+04 -6.01750618e+04
 -5.87690256e+04 -6.55041970e+04 -8.18723393e+04 -1.47671647e+05
 -1.93210447e+05  5.45608956e+01 -2.11630967e+05 -1.83067122e+05
 -1.95720574e+05 -1.72156035e+05 -2.09767689e+05 -1.97200610e+05
 -1.81498505e+05 -8.35893164e+04 -1.37711677e+05 -2.24399677e+05
  6.62552215e+01  4.48575872e+01  8.11421389e+00  4.15836989e+01
  4.95109803e+01  2.80522740e+01  4.85263528e+01  5.64165998e+01
  5.82552966e+01  4.94116469e+01  4.66014172e+01]
