param settings:LocalOutlierFactor(algorithm='auto', contamination=0.2, leaf_size=30,
          metric='minkowski', metric_params=None, n_jobs=None,
          n_neighbors=35, novelty=False, p=2)
cluster_thresh:
feature select:['glcm']
precision: {'precision_b1': 0.4944, 'precision': 0.854, 'acc': 0.782, 'recall_b1': 0.4588, 'recall': 0.8709, 'false_alert_b1': 0.5056, 'miss_alert_b1': 0.5412, 'false_alert': 0.14600000000000002, 'miss_alert': 0.1291, 'intersect_1': 614, 'intersect_b1': 89}
all_predict:
sum:899
1 class :719
[4, 6, 12, 13, 14, 15, 16, 19, 20, 21, 22, 23, 24, 25, 26, 27, 28, 29, 30, 31, 32, 33, 34, 35, 36, 37, 38, 39, 40, 41, 42, 43, 44, 45, 46, 52, 53, 54, 55, 56, 57, 58, 59, 60, 61, 62, 63, 64, 65, 66, 67, 68, 69, 70, 71, 72, 73, 74, 75, 76, 77, 78, 79, 80, 81, 82, 83, 84, 85, 86, 87, 88, 89, 90, 91, 92, 93, 94, 95, 96, 97, 98, 99, 100, 101, 102, 103, 104, 105, 106, 107, 108, 109, 110, 111, 112, 113, 114, 115, 116, 117, 118, 119, 120, 121, 122, 123, 124, 125, 126, 127, 128, 129, 130, 131, 132, 133, 134, 135, 136, 137, 138, 139, 140, 141, 142, 143, 144, 145, 146, 147, 148, 149, 150, 151, 152, 153, 154, 155, 156, 157, 158, 159, 160, 161, 162, 163, 164, 165, 166, 167, 168, 169, 170, 171, 172, 173, 174, 175, 176, 177, 178, 179, 180, 181, 182, 183, 184, 185, 186, 187, 188, 189, 190, 191, 192, 193, 214, 215, 216, 217, 218, 219, 220, 221, 222, 224, 225, 226, 227, 228, 232, 233, 234, 235, 237, 238, 239, 240, 241, 242, 243, 244, 245, 246, 247, 248, 249, 250, 251, 252, 253, 254, 255, 256, 257, 258, 259, 260, 261, 262, 263, 266, 267, 268, 269, 270, 271, 272, 273, 274, 275, 276, 277, 278, 279, 280, 281, 282, 283, 284, 285, 286, 287, 288, 289, 290, 291, 292, 293, 294, 295, 296, 297, 298, 299, 300, 301, 302, 303, 304, 305, 306, 307, 308, 309, 310, 311, 312, 313, 314, 315, 316, 317, 318, 319, 320, 321, 322, 323, 324, 325, 326, 327, 328, 329, 330, 331, 332, 333, 334, 335, 336, 337, 338, 339, 340, 341, 342, 343, 344, 345, 346, 347, 348, 349, 350, 351, 352, 353, 354, 355, 356, 357, 358, 359, 360, 365, 366, 367, 368, 369, 370, 371, 372, 373, 374, 375, 376, 377, 378, 379, 380, 381, 382, 383, 384, 385, 386, 387, 388, 389, 390, 391, 392, 393, 394, 395, 396, 397, 398, 399, 400, 401, 402, 403, 404, 405, 406, 407, 408, 409, 410, 411, 412, 413, 414, 415, 416, 417, 418, 419, 420, 421, 422, 423, 424, 425, 426, 427, 428, 429, 430, 431, 432, 433, 434, 435, 436, 437, 438, 439, 440, 441, 442, 443, 444, 445, 446, 447, 448, 449, 450, 451, 452, 453, 454, 455, 456, 457, 458, 459, 460, 461, 462, 463, 464, 465, 466, 468, 469, 470, 471, 472, 473, 475, 476, 477, 478, 479, 480, 481, 482, 485, 486, 487, 502, 504, 505, 509, 510, 511, 513, 514, 515, 516, 517, 518, 519, 520, 521, 522, 523, 524, 525, 526, 527, 531, 532, 533, 534, 535, 536, 537, 538, 539, 540, 541, 542, 543, 544, 545, 546, 547, 548, 549, 550, 551, 552, 553, 554, 555, 556, 557, 558, 559, 560, 569, 570, 571, 572, 573, 574, 575, 576, 577, 578, 579, 583, 584, 586, 587, 588, 589, 590, 591, 592, 593, 594, 595, 596, 597, 598, 599, 600, 601, 602, 603, 604, 605, 606, 607, 608, 609, 611, 612, 613, 614, 615, 616, 617, 618, 619, 620, 621, 622, 623, 624, 625, 626, 627, 628, 629, 630, 631, 632, 633, 634, 635, 636, 637, 638, 639, 640, 641, 642, 643, 644, 645, 646, 647, 648, 649, 650, 651, 652, 653, 654, 655, 656, 657, 658, 659, 660, 661, 662, 663, 664, 665, 666, 667, 668, 669, 670, 671, 672, 673, 674, 675, 676, 677, 678, 679, 680, 681, 682, 683, 684, 685, 686, 687, 688, 689, 690, 691, 692, 693, 694, 699, 700, 701, 702, 703, 710, 713, 714, 715, 716, 717, 718, 723, 725, 726, 727, 728, 729, 730, 731, 732, 733, 741, 742, 744, 745, 746, 747, 748, 755, 756, 757, 758, 759, 760, 777, 778, 791, 794, 795, 803, 804, 805, 806, 807, 808, 809, 810, 811, 814, 816, 817, 820, 821, 822, 823, 824, 825, 826, 827, 828, 829, 830, 831, 834, 835, 836, 837, 838, 839, 840, 841, 842, 843, 844, 845, 846, 847, 849, 850, 851, 852, 853, 854, 855, 856, 857, 858, 859, 860, 862, 864, 865, 866, 867, 868, 869, 870, 871, 872, 873, 874, 875, 876, 877, 878, 882, 883, 884, 885, 886]
-1 class :180
[1, 2, 3, 5, 7, 8, 9, 10, 11, 17, 18, 47, 48, 49, 50, 51, 194, 195, 196, 197, 198, 199, 200, 201, 202, 203, 204, 205, 206, 207, 208, 209, 210, 211, 212, 213, 223, 229, 230, 231, 236, 264, 265, 361, 362, 363, 364, 467, 474, 483, 484, 488, 489, 490, 491, 492, 493, 494, 495, 496, 497, 498, 499, 500, 501, 503, 506, 507, 508, 512, 528, 529, 530, 561, 562, 563, 564, 565, 566, 567, 568, 580, 581, 582, 585, 610, 695, 696, 697, 698, 704, 705, 706, 707, 708, 709, 711, 712, 719, 720, 721, 722, 724, 734, 735, 736, 737, 738, 739, 740, 743, 749, 750, 751, 752, 753, 754, 761, 762, 763, 764, 765, 766, 767, 768, 769, 770, 771, 772, 773, 774, 775, 776, 779, 780, 781, 782, 783, 784, 785, 786, 787, 788, 789, 790, 792, 793, 796, 797, 798, 799, 800, 801, 802, 812, 813, 815, 818, 819, 832, 833, 848, 861, 863, 879, 880, 881, 887, 888, 889, 890, 891, 892, 893, 894, 895, 896, 897, 898, 899]

score : [-1.34272502 -1.39300961 -1.02376458 -1.01142044 -0.99514111 -0.99069773
 -0.99508146 -0.98899173 -0.99566967 -1.01999222 -1.06007588 -1.0778601
 -1.39272246 -1.10749961 -1.20123833 -1.10861992 -1.21332508 -1.1699436
 -1.16966992 -1.10084794 -1.09180231 -1.02251809 -1.0561978  -1.24102321
 -1.04802663 -1.0730577  -1.1027374  -1.23886084 -1.15015613 -1.1641556
 -1.12555485 -1.11920692 -1.10875048 -1.16374755 -1.21240791 -1.15062445
 -1.14484572 -1.07559196 -1.06930449 -1.06468056 -0.99955983 -1.02582709
 -1.01461739 -0.9898073  -0.99742451 -1.20516433 -1.00996573 -0.98534697
 -0.98484787 -1.06632454 -1.06499731 -1.04571834 -1.04160423 -1.03863767
 -1.0241791  -1.01732485 -1.13442927 -1.0160689  -1.04666427 -1.03589992
 -1.03449903 -1.02987797 -1.0296034  -1.04605568 -1.01626854 -1.00570371
 -1.00259125 -1.24142448 -1.01000384 -1.00865189 -0.99638939 -1.00596846
 -0.98421557 -0.98047785 -0.99541178 -0.98207085 -0.99911826 -0.97985924
 -1.34720038 -0.98147001 -0.9832745  -0.98002778 -0.98590465 -0.99382383
 -0.98002778 -0.98367695 -0.99346533 -0.99708192 -1.07213004 -1.67983292
 -1.05943361 -0.99967561 -0.99547144 -1.00937535 -0.99477257 -0.98723028
 -0.99856341 -1.01664557 -0.98829142 -1.04525878 -1.15551527 -0.99575619
 -1.18302898 -0.99685216 -1.18106059 -1.36631014 -1.28678198 -1.27080044
 -1.35252725 -1.389957   -1.51382882 -1.80175835 -1.11304097 -1.43315883
 -1.38001448 -1.34753339 -1.36177821 -1.44072469 -1.48377692 -1.66917611
 -1.6716709  -1.42130176 -1.43181704 -1.15328171 -1.50028255 -1.77760095
 -1.82103645 -1.59251289 -1.22820636 -1.25960786 -1.21885624 -1.24697587
 -1.23437251 -1.21187069 -1.17455469 -1.21580771 -1.21229829 -1.23392147
 -1.28094321 -1.24632489 -1.23405189 -1.23515624 -1.25278824 -1.24134124
 -1.35689337 -1.07779731 -1.89295892 -1.9644968  -1.15404147 -1.12479398
 -1.11837846 -1.2604627  -1.34202025 -1.11553145 -1.19164501 -1.03642178
 -1.05256584 -1.04650525 -1.02776994 -1.04655095 -1.15134225 -1.14199647
 -1.0708215  -1.05999821 -1.06888983 -1.0652271  -1.0479848  -1.0706793
 -1.05274329 -1.05352798 -1.05479016 -1.06837316 -1.05837736 -1.06501569
 -1.05139172 -1.0565525  -1.05819882 -1.05764665 -1.07617373 -1.06026436
 -1.14896383 -1.17939139 -1.24848676 -1.39320647 -1.26970159 -1.1570123
 -1.12347466 -1.09125953 -1.04914175 -1.04051071 -1.03239888 -1.09566313
 -1.13671055 -1.12803662 -1.00733956 -0.99328746 -0.99277169 -0.98994516
 -0.99955    -0.99750611 -1.04978869 -1.00540602 -0.99362717 -1.03796635
 -1.0568809  -1.0659425  -0.9923077  -1.00261006 -1.11650457 -1.02935233
 -1.00993519 -1.09457081 -1.00232104 -1.06976916 -1.03827836 -1.00218792
 -0.99379753 -1.01075106 -1.05451615 -1.06055745 -1.02152777 -1.04789124
 -1.26650346 -1.10436415 -1.04639284 -1.00305081 -1.01280177 -1.01549572
 -1.01275306 -1.033393   -1.01598116 -1.05086856 -1.04444441 -1.04645433
 -1.10811143 -1.07280513 -1.06554691 -1.00419249 -1.00382367 -0.99075675
 -1.01056523 -1.02576274 -0.99937957 -0.98761482 -0.98577605 -1.16521856
 -0.98562906 -1.03430508 -1.00162509 -1.02620376 -1.00643563 -1.02139057
 -1.05015453 -1.0145764  -1.02581031 -0.99909016 -1.12173088 -1.00550963
 -1.0067022  -1.00990453 -1.04589618 -1.08612358 -1.0777111  -1.11651793
 -1.09201666 -1.05060441 -1.07517024 -1.12594409 -1.01139137 -1.12748431
 -1.01598147 -1.04099055 -1.03106597 -1.08531496 -1.06570135 -1.0255682
 -1.04185468 -1.04957883 -1.04816448 -1.02680851 -1.04239234 -1.02942969
 -1.05831674 -1.03266718 -1.03206359 -1.07551191 -1.04671202 -1.21406662
 -1.15720126 -1.05106461 -1.15301552 -1.31723975 -1.31009466 -1.34240854
 -1.29033949 -1.14907488 -1.17949026 -1.17554305 -1.17538888 -1.15186715
 -1.04460104 -1.16962545 -1.19023496 -1.24161356 -1.15238926 -1.00937455
 -1.03905376 -1.04019989 -1.04366582 -1.00702757 -1.01058544 -1.04107363
 -1.02720026 -1.03672421 -1.00563289 -1.01412383 -0.99756009 -1.00776894
 -0.99427066 -1.02169623 -1.01412643 -1.00174833 -1.06249343 -1.01389509
 -1.00858464 -0.98311303 -1.00735306 -1.00149233 -0.9956663  -0.99590789
 -0.98564606 -0.99310299 -0.98596588 -1.1094789  -1.09108574 -0.99358317
 -1.02737486 -1.00699987 -0.98643566 -0.98992892 -0.98264768 -0.98906285
 -0.97847975 -0.98412581 -0.98303899 -1.14309428 -0.98531617 -0.98545729
 -0.9761104  -0.97783478 -0.98778647 -0.99341375 -0.98906788 -0.98832058
 -1.00553234 -1.00085479 -1.19859299 -0.99228407 -0.98940402 -0.98521527
 -0.99049644 -1.05141236 -0.98796333 -1.01496493 -0.99152295 -1.05550515
 -0.98734122 -1.23763282 -1.0967392  -0.99149514 -1.00022462 -0.99095814
 -0.98807778 -1.04266856 -0.98678006 -1.03610173 -1.03151651 -1.06887724
 -1.23779461 -1.03045067 -1.04261996 -1.11234135 -1.23712267 -1.1133832
 -1.12086154 -1.09694921 -1.11679106 -1.1238104  -1.05499758 -1.20565361
 -1.05776468 -1.05848587 -1.06342751 -1.07826353 -1.06642824 -1.16520908
 -1.07974937 -1.11079682 -1.108255   -1.10930214 -1.24807536 -1.12109233
 -1.11992551 -1.12231424 -1.12772771 -1.08702819 -1.02686458 -1.20293516
 -1.63288015 -1.20008267 -1.13847395 -1.29742455 -1.14863656 -1.1758719
 -1.21704976 -1.25958334 -1.26462996 -1.20394103 -1.11368535 -1.10859339
 -1.11061436 -1.13499498 -1.32411314 -1.1243852  -1.20337377 -1.16787278
 -1.28595963 -1.34429095 -1.22666626 -1.22349731 -1.2228249  -1.38636022
 -1.48283192 -1.31047568 -1.87572788 -1.93351601 -1.42056349 -1.32145737
 -1.57812088 -1.54322306 -1.50383433 -1.3390621  -1.34546552 -1.33103887
 -1.75646511 -1.34329668 -1.41113083 -1.36565733 -1.18803834 -1.32691097
 -1.20374492 -1.18621736 -1.35979756 -1.48329592 -1.31358313 -1.10086723
 -1.33712028 -1.23526242 -1.2414415  -1.28752317 -1.24945799 -1.21340643
 -1.13681352 -1.1802234  -1.20114561 -1.13492735 -1.05034602 -1.23464864
 -1.05773814 -1.19200335 -0.97802261 -0.98800742 -1.16533511 -1.15607529
 -1.02845594 -1.2297021  -1.26541938 -1.59429942 -1.25571653 -1.58416715
 -1.06406614 -1.06087464 -1.02520807 -1.04161288 -1.04068237 -1.10841317
 -1.028814   -1.02381446 -1.09706635 -1.05509942 -1.11183294 -1.16142725
 -1.12637632 -1.10896101 -1.23544519 -1.06358795 -1.00625595 -1.01078999
 -1.10319754 -1.05473314 -1.01344461 -1.06533798 -1.03442733 -1.07389851
 -1.03528907 -1.11231873 -1.04861264 -1.05253264 -1.12674873 -1.18845312
 -1.24400928 -1.01340348 -1.2484725  -1.34155301 -1.30407907 -1.41703555
 -1.50462596 -1.5222605  -1.49029041 -1.5057913  -1.48698028 -1.19206281
 -0.99345506 -1.15018326 -1.138074   -1.10018188 -1.05841065 -1.0377195
 -1.13495472 -1.06569341 -1.09184956 -1.18524966 -1.23560478 -0.98762441
 -1.48042593 -1.32295903 -1.37667082 -1.1483322  -1.15409804 -1.50599381
 -1.0898623  -1.1249682  -1.17706819 -1.22602368 -0.99003819 -1.18545465
 -1.13416553 -1.14638707 -1.14222012 -1.13500099 -1.14817615 -1.15598357
 -1.15615801 -1.12232248 -1.15516949 -1.23036126 -1.00274638 -1.13448499
 -1.13725597 -1.20295855 -1.25552358 -1.22530772 -1.23197133 -1.14259106
 -1.120363   -1.22003785 -1.24774857 -0.99147147 -1.26436702 -1.15644014
 -1.20568698 -1.22842907 -1.06493165 -1.22960228 -1.13554647 -1.00720373
 -1.21764258 -1.14194732 -0.99382753 -1.11007973 -1.1531514  -1.10877625
 -0.99046284 -0.98487015 -1.06087167 -0.98577152 -0.99711456 -1.01400421
 -0.98357097 -0.99787431 -0.98615687 -0.9841681  -0.9748383  -0.9713781
 -0.98080109 -0.9819144  -0.98214454 -0.97734871 -0.98104374 -0.98477579
 -0.99237152 -0.98693484 -0.98398351 -0.98973622 -1.0179793  -0.99342939
 -0.9901502  -0.97891166 -1.00335934 -0.98692972 -0.98319454 -0.99316262
 -0.98452325 -0.97967708 -0.98386132 -0.98693762 -0.97721883 -0.98148753
 -0.98477579 -0.98304592 -0.99175637 -0.99030664 -0.99326807 -0.99378195
 -0.98217348 -1.02674343 -1.04472787 -1.03050413 -1.06303537 -1.0282084
 -1.00339091 -1.01125752 -1.02781937 -0.99693681 -1.03239642 -1.03255512
 -1.03527048 -1.04081089 -1.03626808 -1.03540661 -1.04076927 -1.06514884
 -1.05636639 -1.03150873 -0.98772904 -1.03993873 -1.03430301 -1.055036
 -1.02374848 -1.02427633 -1.06582146 -1.03701226 -1.02244246 -1.02707729
 -1.02714391 -0.99169483 -1.02740778 -1.02907788 -1.02692774 -1.02573435
 -1.05982746 -1.52937792 -1.59736707 -1.52484856 -1.48062279 -1.21764017
 -1.4226547  -0.99267933 -1.25657908 -1.1267294  -1.16575612 -1.06650232
 -1.33906543 -1.47431287 -1.40515646 -1.28591223 -1.42514335 -1.28623062
 -0.99232307 -1.26183215 -1.27472017 -1.27270563 -1.25749349 -1.19920932
 -1.0983874  -1.1220973  -1.13734356 -1.20425297 -1.33638863 -0.98825497
 -1.35604871 -1.51387017 -1.3131102  -1.25796947 -1.33278044 -1.04651359
 -1.0531298  -1.05827647 -1.02890364 -1.23187408 -0.99338796 -1.0737107
 -1.12454355 -1.14535793 -1.2076616  -1.37166213 -1.46956645 -1.40103075
 -1.37863204 -1.40593313 -1.28495975 -0.97196249 -1.2829395  -1.25418388
 -1.22119983 -1.26782208 -1.20440719 -1.25673784 -1.19245212 -1.23396334
 -1.260263   -1.31079523 -0.99262724 -1.32061748 -1.72737503 -1.70290055
 -1.67693916 -1.75226114 -1.09274129 -1.20558606 -1.24871558 -1.20563831
 -1.12918421 -1.05601036 -1.11578418 -1.28052981 -2.70404629 -2.66900468
 -2.68134995 -2.2144066  -2.00752782 -2.04721943 -2.19251703 -2.32300585
 -0.99959173 -1.4997832  -2.01013596 -1.52603928 -1.64542465 -1.9703407
 -1.74159175 -1.29951557 -1.1352788  -1.12119256 -1.39056487 -0.97266626
 -1.70904471 -1.84506365 -1.91515486 -1.69937162 -1.49881723 -1.41252804
 -1.38863641 -1.35156283 -1.34751345 -1.31252836 -0.98688411 -1.31343579
 -1.24672777 -1.32855597 -1.35271848 -1.23433347 -1.25770639 -1.27896927
 -1.51243724 -1.86619123 -1.41613446 -1.26335999 -0.98219604 -1.3882361
 -1.44878855 -1.34009967 -1.24499242 -1.15036704 -1.07650811 -1.04203782
 -1.21926456 -1.07346623 -1.16824835 -0.99075972 -1.15251975 -1.12034485
 -1.56071066 -1.67429583 -0.98769985 -1.38876794 -1.05630205 -1.03763921
 -1.73332478 -1.54037988 -0.98667154 -1.10574619 -1.10571358 -1.03123176
 -1.22063314 -1.14771893 -1.16095136 -1.11788271 -1.06863375 -1.14704475
 -1.18408883 -0.98980853 -1.19975197 -1.13580618 -1.29417001 -1.36898799
 -1.12879446 -1.01973952 -1.10577046 -1.10075836 -1.07768525 -0.98868442
 -0.98339383 -1.24606065 -1.10611878 -1.00023677 -0.99535206 -1.01158011
 -1.07214398 -1.01760017 -1.01820435 -1.40614131 -1.12059004 -0.98597137
 -1.16210184 -1.22608515 -1.24361873 -1.24056157 -1.25053947 -1.19922178
 -1.20155948 -1.24142827 -1.2138512  -1.1815906  -0.98817299 -1.18712656
 -1.27117404 -1.14970772 -1.37755675 -1.14448333 -1.15278859 -1.1654441
 -1.12563669 -1.16799203 -1.11397516 -0.98520329 -1.14071851 -1.10233704
 -1.14654598 -1.16636742 -1.09866607 -1.11945184 -1.11992495 -1.15894457
 -1.1333828  -1.33368265 -1.02216412 -1.50617626 -1.66002124 -1.14054126
 -1.20161909 -1.13551933 -1.12200671 -1.2207543  -1.30389589 -1.78970822
 -2.14174302 -1.12707221 -2.2983114  -2.05653601 -2.19030835 -1.91157802
 -2.21499395 -2.03405489 -1.87163943 -1.3175915  -1.7685746  -2.39493365
 -1.36955008 -1.16010925 -1.1874816  -1.22989225 -1.11124215 -1.00272808
 -0.9868152  -0.98937117 -0.98930725 -1.16608118 -1.07683099]
